136 0.276855 0.036892 0.182617 0.073783
33 0.612793 0.963108 0.155273 0.073783
33 0.366699 0.952119 0.145508 0.095761
33 0.894531 0.970173 0.166016 0.059655
33 0.125488 0.938776 0.145508 0.122449
89 0.511719 0.706436 0.976562 0.222920
19 0.916016 0.394819 0.009766 0.023548
36 0.941406 0.400314 0.041016 0.081633
57 0.250488 0.675824 0.030273 0.054945
57 0.460938 0.686028 0.031250 0.059655
57 0.684570 0.693093 0.031250 0.061224
57 0.921875 0.698587 0.035156 0.065934
16 0.937012 0.375981 0.051758 0.080063
10 0.937012 0.389325 0.051758 0.106750
12 0.274902 0.159341 0.120117 0.098901
12 0.646973 0.124019 0.129883 0.109890
4 0.925781 0.518838 0.130859 0.189953