5 0.349927 0.483398 0.693997 0.875000
97 0.609810 0.305176 0.106881 0.114258
97 0.439239 0.301758 0.114202 0.107422
39 0.347731 0.963379 0.016105 0.010742
39 0.653001 0.966309 0.017570 0.008789
39 0.532211 0.968262 0.021962 0.012695
39 0.289165 0.980469 0.024890 0.015625
39 0.741581 0.946289 0.016105 0.005859
39 0.619327 0.979004 0.023426 0.012695
39 0.292826 0.936523 0.026354 0.021484
39 0.901171 0.944824 0.010249 0.008789
39 0.552709 0.979492 0.016105 0.013672
39 0.627379 0.968750 0.016105 0.013672
22 0.451684 0.814453 0.027818 0.035156
51 0.909224 0.649902 0.181552 0.127930
2 0.683748 0.793945 0.617862 0.332031