58 0.391113 0.160562 0.770508 0.301587
103 0.377441 0.682540 0.133789 0.256410
103 0.356445 0.689255 0.158203 0.262515
1 0.366211 0.557998 0.251953 0.551893
109 0.388672 0.494505 0.093750 0.009768
112 0.373535 0.791209 0.270508 0.070818
8 0.501465 0.192308 0.991211 0.362637
76 0.598145 0.697192 0.149414 0.285714
76 0.311035 0.702076 0.178711 0.275946
52 0.391602 0.323565 0.226562 0.134310
3 0.473633 0.559219 0.943359 0.256410
35 0.285156 0.727106 0.197266 0.262515
35 0.597656 0.676435 0.205078 0.244200