127 0.800781 0.272263 0.023438 0.080292
57 0.140625 0.437226 0.103516 0.144526
57 0.663086 0.422628 0.064453 0.217518
57 0.857422 0.426277 0.093750 0.207299
57 0.283203 0.429927 0.128906 0.162044
57 0.747070 0.418248 0.070312 0.226277
57 0.441406 0.424088 0.117188 0.179562
22 0.048340 0.085401 0.016602 0.024818
85 0.552246 0.700730 0.012695 0.023358
27 0.271973 0.478102 0.041992 0.068613
6 0.422852 0.434307 0.058594 0.159124
2 0.242188 0.284672 0.484375 0.481752
28 0.691406 0.655474 0.087891 0.043796