88 0.572266 0.691801 0.855469 0.549048
5 0.235840 0.078331 0.182617 0.156662
5 0.845215 0.165447 0.309570 0.330893
20 0.956543 0.276720 0.067383 0.058565
32 0.777832 0.375549 0.016602 0.016105
32 0.851562 0.372621 0.013672 0.013177
119 0.303223 0.314788 0.168945 0.187408
12 0.560547 0.409224 0.050781 0.074671
12 0.438477 0.385066 0.015625 0.064422
75 0.908203 0.336018 0.015625 0.033675
13 0.138184 0.073939 0.012695 0.147877
60 0.500000 0.650073 1.000000 0.699854
2 0.069824 0.174963 0.139648 0.349927
2 0.822754 0.147145 0.200195 0.294290
2 0.419434 0.096633 0.233398 0.193265
2 0.619629 0.133968 0.206055 0.267936
2 0.930176 0.145681 0.139648 0.291362
125 0.705078 0.426061 0.564453 0.377745
35 0.406250 0.618594 0.154297 0.250366
0 0.186035 0.095900 0.012695 0.080527
0 0.948242 0.076867 0.023438 0.060029
0 0.543457 0.234993 0.034180 0.062958
0 0.709473 0.035871 0.032227 0.060029
0 0.158203 0.100293 0.023438 0.077599
0 0.306641 0.085652 0.050781 0.098097