136 0.500000 0.193997 1.000000 0.387994
33 0.666992 0.840410 0.207031 0.316252
36 0.285645 0.434114 0.073242 0.124451
36 0.476562 0.373353 0.146484 0.199122
36 0.866211 0.428990 0.078125 0.117130
96 0.875000 0.430454 0.070312 0.040996
15 0.499023 0.666179 0.103516 0.137628
15 0.409668 0.958272 0.098633 0.080527
42 0.684082 0.519766 0.088867 0.090776
1 0.892578 0.622255 0.203125 0.538799
1 0.284668 0.533675 0.209961 0.443631
1 0.511719 0.609078 0.468750 0.781845
1 0.683105 0.480966 0.112305 0.188873
1 0.856934 0.423133 0.135742 0.207906
6 0.682129 0.484627 0.108398 0.166911
6 0.631836 0.479502 0.054688 0.103953
6 0.243652 0.495608 0.063477 0.133236
6 0.617676 0.500732 0.104492 0.184480
6 0.083984 0.552709 0.167969 0.393851
6 0.738770 0.486823 0.139648 0.218155
6 0.326660 0.478038 0.086914 0.101025
4 0.513184 0.699854 0.403320 0.515373
4 0.271484 0.622987 0.232422 0.276720
18 0.221680 0.803075 0.443359 0.393851