68 0.052734 0.881618 0.025391 0.057353
88 0.933594 0.939706 0.125000 0.073529
5 0.094238 0.406618 0.118164 0.251471
5 0.650879 0.637500 0.092773 0.395588
5 0.782715 0.675000 0.061523 0.141176
5 0.354980 0.668382 0.168945 0.319118
5 0.127441 0.542647 0.061523 0.182353
5 0.099609 0.610294 0.101562 0.235294
5 0.915039 0.538971 0.093750 0.204412
126 0.406250 0.916912 0.046875 0.077941
97 0.494629 0.247059 0.038086 0.067647
26 0.501953 0.552206 0.189453 0.086765
7 0.701172 0.923529 0.107422 0.141176
103 0.081055 0.891176 0.035156 0.070588
1 0.082520 0.873529 0.032227 0.155882
27 0.602539 0.798529 0.023438 0.088235
6 0.063477 0.863971 0.015625 0.098529
120 0.156250 0.887500 0.048828 0.039706
120 0.798828 0.874265 0.042969 0.045588
8 0.577637 0.121324 0.739258 0.236765
60 0.521484 0.896324 0.929688 0.201471
2 0.211426 0.564706 0.065430 0.164706
2 0.265137 0.600735 0.055664 0.177941
84 0.270508 0.769853 0.074219 0.292647
0 0.128906 0.518382 0.046875 0.066176
0 0.638672 0.563971 0.027344 0.051471
0 0.408203 0.616912 0.015625 0.042647
0 0.119141 0.632353 0.031250 0.076471
0 0.773926 0.638971 0.018555 0.063235
0 0.909668 0.541912 0.038086 0.095588
0 0.077637 0.342647 0.022461 0.064706
23 0.942383 0.905147 0.078125 0.175000