5 0.687988 0.787760 0.405273 0.252604
7 0.500000 0.940755 1.000000 0.118490
39 0.601074 0.649740 0.016602 0.028646
39 0.293945 0.573568 0.015625 0.022135
39 0.437012 0.519531 0.018555 0.023438
39 0.591797 0.691406 0.021484 0.020833
39 0.476562 0.729818 0.023438 0.035156
39 0.404785 0.460938 0.016602 0.015625
39 0.749512 0.583984 0.016602 0.022135
22 0.460449 0.740234 0.057617 0.058594
22 0.437500 0.401042 0.093750 0.260417
22 0.205566 0.395182 0.235352 0.339844
22 0.310547 0.486979 0.050781 0.093750
22 0.678711 0.527344 0.060547 0.059896
22 0.667480 0.701823 0.051758 0.039062
12 0.571777 0.787760 0.038086 0.062500
12 0.808105 0.746745 0.018555 0.040365
12 0.806641 0.811849 0.056641 0.027344
12 0.484863 0.354818 0.047852 0.097656
13 0.172363 0.852865 0.030273 0.294271
13 0.732910 0.818359 0.063477 0.363281
55 0.306641 0.979818 0.283203 0.040365
9 0.874512 0.783203 0.071289 0.105469
9 0.726562 0.719401 0.046875 0.165365
9 0.205078 0.859375 0.035156 0.143229
9 0.186523 0.628255 0.121094 0.165365
8 0.498535 0.379557 0.997070 0.759115
2 0.196289 0.578125 0.261719 0.705729
2 0.546387 0.500000 0.637695 1.000000
2 0.045410 0.654948 0.090820 0.513021
0 0.687988 0.769531 0.020508 0.023438
43 0.788574 0.757161 0.014648 0.066406
43 0.808105 0.759115 0.018555 0.065104