20 0.147461 0.731387 0.203125 0.198540
37 0.018066 0.170803 0.018555 0.029197
26 0.943359 0.894161 0.113281 0.211679
56 0.377441 0.748905 0.754883 0.487591
11 0.490723 0.611679 0.981445 0.213139
108 0.187988 0.354745 0.067383 0.029197
131 0.220215 0.868613 0.012695 0.005839
51 0.155273 0.678102 0.207031 0.091971
8 0.500000 0.325547 1.000000 0.341606
59 0.190430 0.743796 0.136719 0.042336
133 0.856934 0.834307 0.286133 0.328467
94 0.506836 0.711679 0.925781 0.252555
0 0.178223 0.688321 0.020508 0.030657
0 0.107910 0.708759 0.022461 0.030657
0 0.230469 0.683212 0.025391 0.026277
0 0.315918 0.696350 0.026367 0.037956
0 0.353516 0.687591 0.027344 0.035036
0 0.433594 0.677372 0.310547 0.078832
0 0.415039 0.679562 0.015625 0.030657
0 0.329102 0.692701 0.019531 0.033577
0 0.829590 0.617518 0.036133 0.017518
43 0.080078 0.689051 0.027344 0.035036
43 0.437988 0.673723 0.032227 0.021898
43 0.208984 0.684672 0.019531 0.032117