68 0.842500 0.663842 0.030000 0.047081
67 0.690625 0.589454 0.073750 0.293785
5 0.523125 0.135593 0.148750 0.271186
79 0.222500 0.123352 0.042500 0.099812
1 0.317500 0.471751 0.092500 0.370998
29 0.498125 0.575330 0.056250 0.156309
4 0.316250 0.402072 0.095000 0.156309
66 0.303125 0.523540 0.066250 0.105461
60 0.500000 0.794727 1.000000 0.410546
18 0.113750 0.486817 0.227500 0.423729
76 0.966250 0.741996 0.047500 0.135593
52 0.712500 0.519774 0.037500 0.067797
52 0.529375 0.406780 0.103750 0.097928
43 0.836250 0.220339 0.327500 0.410546
23 0.503750 0.532957 0.067500 0.297552