83 0.803000 0.762000 0.182000 0.140000
67 0.436000 0.640000 0.148000 0.216000
67 0.437000 0.686000 0.154000 0.316000
136 0.499000 0.064000 0.994000 0.120000
33 0.595000 0.763000 0.190000 0.270000
33 0.403000 0.744000 0.234000 0.304000
31 0.497000 0.894000 0.990000 0.204000
91 0.580000 0.681000 0.136000 0.294000
16 0.419000 0.556000 0.058000 0.068000
14 0.710000 0.741000 0.028000 0.214000
14 0.335000 0.832000 0.034000 0.116000
12 0.614000 0.018000 0.392000 0.036000
4 0.580000 0.665000 0.100000 0.138000
4 0.440000 0.658000 0.140000 0.164000
4 0.591000 0.669000 0.114000 0.142000
18 0.497000 0.724000 0.474000 0.264000
81 0.498000 0.625000 0.468000 0.038000
3 0.500000 0.474000 1.000000 0.752000
104 0.822000 0.792000 0.092000 0.040000