105 0.558000 0.537234 0.392000 0.421986
105 0.171000 0.539007 0.330000 0.404255
105 0.836000 0.507092 0.192000 0.290780
21 0.568000 0.540780 0.040000 0.301418
26 0.284000 0.638298 0.240000 0.184397
76 0.715000 0.654255 0.022000 0.124113
76 0.848000 0.613475 0.040000 0.120567
76 0.903000 0.609929 0.026000 0.099291
76 0.607000 0.673759 0.042000 0.134752
0 0.465000 0.510638 0.178000 0.219858
0 0.270000 0.498227 0.100000 0.102837
0 0.890000 0.446809 0.080000 0.113475
0 0.780000 0.482270 0.084000 0.177305
0 0.617000 0.484043 0.114000 0.159574