19 0.624000 0.243386 0.120000 0.079365
25 0.561000 0.435185 0.050000 0.071429
25 0.638000 0.337302 0.032000 0.034392
36 0.609000 0.373016 0.278000 0.375661
36 0.346000 0.431217 0.352000 0.428571
15 0.585000 0.629630 0.094000 0.126984
15 0.812000 0.373016 0.080000 0.153439
61 0.767000 0.816138 0.110000 0.113757
61 0.480000 0.723545 0.116000 0.129630
70 0.646000 0.433862 0.064000 0.074074
30 0.368000 0.556878 0.052000 0.066138
30 0.622000 0.407407 0.048000 0.042328
3 0.728000 0.294974 0.540000 0.563492