68 0.596875 0.816667 0.106250 0.200000
20 0.471875 0.375000 0.043750 0.033333
20 0.575000 0.375000 0.050000 0.050000
20 0.790625 0.650000 0.381250 0.666667
33 0.421875 0.862500 0.218750 0.275000
56 0.375000 0.658333 0.750000 0.650000
91 0.390625 0.804167 0.381250 0.375000
11 0.353125 0.670833 0.706250 0.641667
10 0.503125 0.675000 0.068750 0.083333
103 0.328125 0.925000 0.256250 0.150000
12 0.775000 0.708333 0.075000 0.150000
75 0.625000 0.487500 0.037500 0.041667
6 0.390625 0.808333 0.356250 0.366667
6 0.375000 0.804167 0.400000 0.391667
8 0.462500 0.108333 0.212500 0.133333
81 0.415625 0.541667 0.131250 0.066667
2 0.378125 0.266667 0.056250 0.183333
2 0.675000 0.266667 0.050000 0.166667
2 0.481250 0.220833 0.050000 0.108333
2 0.171875 0.204167 0.068750 0.108333
2 0.296875 0.254167 0.081250 0.125000
17 0.053125 0.262500 0.056250 0.175000
125 0.790625 0.666667 0.418750 0.633333
23 0.378125 0.808333 0.381250 0.366667