5 0.284000 0.533033 0.384000 0.315315
37 0.217000 0.126126 0.430000 0.216216
19 0.286000 0.375375 0.020000 0.048048
26 0.821000 0.680180 0.354000 0.231231
79 0.943000 0.708709 0.022000 0.012012
11 0.499000 0.770270 0.998000 0.459459
7 0.500000 0.818318 1.000000 0.345345
10 0.275000 0.447447 0.062000 0.186186
114 0.445000 0.585586 0.394000 0.450450
14 0.330000 0.714715 0.032000 0.162162
14 0.522000 0.729730 0.052000 0.180180
82 0.580000 0.720721 0.052000 0.180180
41 0.551000 0.543544 0.150000 0.168168
17 0.944000 0.510511 0.096000 0.258258
3 0.204000 0.639640 0.128000 0.078078
28 0.093000 0.525526 0.174000 0.162162