5 0.500000 0.396000 0.996000 0.770667
21 0.909000 0.556000 0.178000 0.482667
21 0.055000 0.421333 0.110000 0.661333
117 0.396000 0.581333 0.492000 0.757333
7 0.500000 0.866667 0.992000 0.266667
14 0.406000 0.801333 0.072000 0.312000
14 0.227000 0.785333 0.094000 0.328000
78 0.480000 0.378667 0.184000 0.293333
24 0.230000 0.968000 0.376000 0.064000
46 0.310000 0.616000 0.024000 0.037333
46 0.441000 0.421333 0.034000 0.053333
41 0.175000 0.713333 0.058000 0.301333
2 0.884000 0.538667 0.220000 0.357333
3 0.329000 0.410667 0.462000 0.810667
0 0.230000 0.017333 0.156000 0.034667