54 0.268000 0.374667 0.024000 0.109333
54 0.172000 0.376000 0.040000 0.090667
54 0.204000 0.370667 0.020000 0.106667
54 0.242000 0.372000 0.028000 0.114667
116 0.919000 0.641333 0.034000 0.040000
19 0.796000 0.338667 0.096000 0.224000
147 0.502000 0.264000 0.208000 0.106667
16 0.622000 0.248000 0.480000 0.496000
15 0.135000 0.882667 0.270000 0.234667
1 0.500000 0.500000 1.000000 1.000000
1 0.932000 0.593333 0.132000 0.360000
70 0.499000 0.549333 0.126000 0.144000
30 0.448000 0.337333 0.112000 0.200000
90 0.225000 0.266667 0.190000 0.186667
43 0.885000 0.334667 0.226000 0.653333