38 0.592000 0.186186 0.184000 0.336336
38 0.899000 0.668168 0.198000 0.255255
121 0.473000 0.504505 0.094000 0.180180
15 0.841000 0.761261 0.086000 0.081081
15 0.529000 0.319820 0.062000 0.087087
1 0.667000 0.222222 0.338000 0.438438
6 0.898000 0.662162 0.200000 0.273273
63 0.444000 0.180180 0.028000 0.018018
131 0.805000 0.786787 0.134000 0.060060
8 0.169000 0.031532 0.338000 0.063063
41 0.442000 0.582583 0.032000 0.060060
17 0.077000 0.426426 0.154000 0.456456
28 0.163000 0.133634 0.326000 0.219219