74 0.456000 0.817333 0.912000 0.328000
19 0.526000 0.238667 0.048000 0.061333
26 0.462000 0.712000 0.924000 0.565333
117 0.477000 0.586667 0.410000 0.816000
11 0.788000 0.837333 0.224000 0.314667
10 0.607000 0.270667 0.122000 0.200000
1 0.644000 0.122667 0.120000 0.245333
78 0.462000 0.433333 0.168000 0.285333
30 0.648000 0.340000 0.060000 0.093333
71 0.765000 0.505333 0.270000 0.168000
13 0.555000 0.782667 0.198000 0.360000
63 0.504000 0.105333 0.180000 0.141333
131 0.235000 0.237333 0.314000 0.453333
46 0.432000 0.448000 0.068000 0.074667
46 0.353000 0.613333 0.046000 0.069333
2 0.947000 0.504000 0.098000 0.992000
84 0.947000 0.445333 0.106000 0.848000
3 0.775000 0.502667 0.294000 0.173333
3 0.303000 0.332000 0.606000 0.658667