86 0.556000 0.523132 0.420000 0.925267
86 0.554000 0.740214 0.308000 0.498221
5 0.173000 0.501779 0.146000 0.284698
5 0.494000 0.521352 0.956000 0.950178
123 0.146000 0.476868 0.260000 0.903915
21 0.099000 0.512456 0.174000 0.960854
32 0.317000 0.517794 0.046000 0.231317
32 0.405000 0.208185 0.062000 0.067616
111 0.228000 0.161922 0.124000 0.224199
109 0.558000 0.663701 0.300000 0.373665
50 0.772000 0.786477 0.036000 0.113879
50 0.874000 0.245552 0.116000 0.206406
50 0.778000 0.704626 0.040000 0.142349
50 0.906000 0.092527 0.160000 0.135231
50 0.864000 0.402135 0.140000 0.199288
50 0.944000 0.263345 0.080000 0.192171
50 0.906000 0.416370 0.080000 0.199288
145 0.931000 0.807829 0.130000 0.334520
3 0.208000 0.443060 0.152000 0.359431
3 0.883000 0.270463 0.126000 0.491103
3 0.762000 0.672598 0.104000 0.427046
3 0.858000 0.475089 0.176000 0.935943
3 0.892000 0.270463 0.160000 0.491103
3 0.784000 0.533808 0.060000 0.604982
3 0.142000 0.206406 0.092000 0.391459
3 0.543000 0.053381 0.302000 0.056940
3 0.868000 0.259786 0.140000 0.491103
3 0.185000 0.290036 0.242000 0.501779
3 0.861000 0.482206 0.202000 0.928826
3 0.149000 0.524911 0.210000 0.288256