88 0.409000 0.838667 0.154000 0.141333
100 0.719000 0.140000 0.178000 0.274667
100 0.389000 0.154667 0.182000 0.304000
100 0.621000 0.144000 0.094000 0.277333
100 0.242000 0.297333 0.480000 0.141333
100 0.803000 0.124000 0.306000 0.125333
73 0.830000 0.474667 0.328000 0.346667
20 0.465000 0.485333 0.042000 0.032000
74 0.502000 0.840000 0.996000 0.208000
79 0.632000 0.636000 0.728000 0.120000
11 0.501000 0.769333 0.998000 0.232000
7 0.503000 0.748000 0.994000 0.493333
22 0.224000 0.356000 0.444000 0.701333
22 0.279000 0.244000 0.394000 0.226667
12 0.548000 0.793333 0.860000 0.157333
12 0.398000 0.784000 0.100000 0.032000
8 0.500000 0.128000 0.996000 0.250667
2 0.500000 0.489333 0.996000 0.973333
2 0.214000 0.374667 0.428000 0.744000