130 0.754000 0.558659 0.036000 0.089385
130 0.322000 0.547486 0.040000 0.100559
45 0.200000 0.534916 0.016000 0.019553
42 0.088000 0.636872 0.052000 0.061453
22 0.093000 0.463687 0.014000 0.022346
1 0.757000 0.579609 0.042000 0.170391
1 0.320000 0.551676 0.048000 0.148045
1 0.086000 0.663408 0.056000 0.164804
1 0.211000 0.607542 0.062000 0.159218
1 0.840000 0.522346 0.084000 0.111732
27 0.675000 0.532123 0.034000 0.086592
27 0.643000 0.547486 0.018000 0.061453
27 0.490000 0.487430 0.032000 0.114525
27 0.352000 0.427374 0.124000 0.094972
72 0.499000 0.807263 0.994000 0.368715
2 0.076000 0.562849 0.148000 0.282123