5 0.501333 0.179000 0.986667 0.354000
20 0.568000 0.365000 0.106667 0.110000
20 0.942667 0.361000 0.098667 0.102000
11 0.026667 0.359000 0.053333 0.054000
11 0.905333 0.954000 0.173333 0.092000
7 0.498667 0.668000 0.992000 0.660000
39 0.496000 0.753000 0.037333 0.010000
39 0.660000 0.803000 0.034667 0.018000
39 0.605333 0.860000 0.032000 0.020000
39 0.284000 0.812000 0.034667 0.012000
39 0.324000 0.770000 0.034667 0.020000
22 0.713333 0.922000 0.066667 0.032000
22 0.274667 0.976000 0.074667 0.040000
22 0.333333 0.912000 0.069333 0.020000
22 0.657333 0.945000 0.061333 0.030000
22 0.796000 0.849000 0.056000 0.030000
22 0.197333 0.931000 0.074667 0.030000
22 0.042667 0.660000 0.032000 0.024000
55 0.500000 0.625000 0.989333 0.414000
49 0.573333 0.905000 0.837333 0.170000
9 0.758667 0.211000 0.322667 0.242000
9 0.756000 0.294000 0.317333 0.432000
9 0.754667 0.404000 0.261333 0.204000
59 0.154667 0.442000 0.288000 0.024000
76 0.980000 0.402000 0.029333 0.052000
3 0.182667 0.187000 0.365333 0.206000
0 0.934667 0.339000 0.056000 0.038000