5 0.247000 0.185629 0.494000 0.371257
105 0.366000 0.717066 0.600000 0.344311
105 0.536000 0.511976 0.732000 0.251497
105 0.466000 0.625749 0.556000 0.293413
21 0.674000 0.687126 0.028000 0.122754
40 0.867000 0.736527 0.258000 0.047904
40 0.863000 0.887725 0.094000 0.068862
40 0.680000 0.586826 0.308000 0.191617
1 0.738000 0.887725 0.056000 0.146707
13 0.528000 0.700599 0.036000 0.598802
62 0.796000 0.624251 0.028000 0.709581
62 0.899000 0.853293 0.190000 0.131737
51 0.365000 0.625749 0.582000 0.173653
49 0.062000 0.393713 0.124000 0.122754
49 0.487000 0.920659 0.974000 0.158683
9 0.690000 0.797904 0.048000 0.104790
9 0.918000 0.808383 0.068000 0.143713
9 0.605000 0.167665 0.166000 0.185629
9 0.469000 0.193114 0.030000 0.092814
60 0.498000 0.721557 0.968000 0.544910
60 0.500000 0.745509 1.000000 0.473054
52 0.916000 0.348802 0.108000 0.056886
35 0.210000 0.784431 0.052000 0.029940
0 0.193000 0.703593 0.062000 0.077844
0 0.694000 0.489521 0.056000 0.068862
0 0.751000 0.502994 0.062000 0.065868
0 0.385000 0.726048 0.070000 0.080838
0 0.637000 0.492515 0.050000 0.062874
0 0.458000 0.480539 0.056000 0.062874
0 0.040000 0.214072 0.080000 0.236527
0 0.814000 0.508982 0.060000 0.065868
0 0.512000 0.736527 0.052000 0.077844
0 0.255000 0.709581 0.062000 0.071856