77 0.220000 0.019520 0.036000 0.033033
11 0.074000 0.558559 0.148000 0.066066
16 0.411000 0.112613 0.170000 0.177177
103 0.029000 0.438438 0.058000 0.180180
1 0.619000 0.289790 0.166000 0.579580
1 0.775000 0.301802 0.146000 0.603604
1 0.456000 0.459459 0.368000 0.870871
1 0.228000 0.240240 0.136000 0.396396
29 0.389000 0.516517 0.226000 0.258258
29 0.267000 0.378378 0.054000 0.108108
27 0.053000 0.187688 0.106000 0.273273
6 0.029000 0.390390 0.058000 0.288288
13 0.522000 0.354354 0.024000 0.336336
4 0.226000 0.238739 0.136000 0.261261
112 0.391000 0.839339 0.066000 0.099099
49 0.499000 0.764264 0.998000 0.471471
35 0.442000 0.914414 0.024000 0.033033