96 0.644000 0.406907 0.024000 0.015015
45 0.777000 0.228228 0.026000 0.030030
40 0.543000 0.806306 0.914000 0.189189
1 0.776000 0.442943 0.108000 0.471471
1 0.503000 0.447447 0.098000 0.108108
4 0.657000 0.457958 0.050000 0.051051
4 0.775000 0.342342 0.106000 0.138138
4 0.488000 0.469970 0.048000 0.045045
48 0.746000 0.648649 0.036000 0.036036
49 0.348000 0.936937 0.308000 0.120120
9 0.065000 0.860360 0.130000 0.285285
2 0.946000 0.196697 0.104000 0.393393
0 0.648000 0.384384 0.080000 0.186186
0 0.015000 0.409910 0.030000 0.255255
0 0.162000 0.399399 0.144000 0.240240
0 0.341000 0.391892 0.122000 0.231231
0 0.503000 0.390390 0.110000 0.216216