5 0.865000 0.175227 0.258000 0.350453
20 0.468000 0.391239 0.836000 0.432024
21 0.377000 0.462236 0.170000 0.501511
21 0.239000 0.404834 0.106000 0.404834
26 0.829000 0.256798 0.338000 0.217523
11 0.226000 0.847432 0.440000 0.293051
32 0.307000 0.403323 0.042000 0.051360
118 0.662000 0.486405 0.100000 0.072508
107 0.873000 0.232628 0.094000 0.102719
82 0.576000 0.777946 0.064000 0.190332
12 0.056000 0.383686 0.028000 0.090634
61 0.840000 0.512085 0.056000 0.063444
75 0.399000 0.353474 0.054000 0.060423
34 0.850000 0.570997 0.060000 0.054381
51 0.337000 0.226586 0.434000 0.084592
90 0.791000 0.151057 0.122000 0.030211
81 0.371000 0.217523 0.542000 0.120846
0 0.570000 0.288520 0.200000 0.123867
0 0.256000 0.280967 0.108000 0.145015
0 0.491000 0.120846 0.126000 0.157100
0 0.368000 0.309668 0.112000 0.148036
0 0.156000 0.277946 0.084000 0.090634