101 0.581333 0.058000 0.138667 0.116000
138 0.174667 0.342000 0.029333 0.028000
92 0.130667 0.236000 0.058667 0.040000
92 0.449333 0.374000 0.173333 0.152000
42 0.436000 0.557000 0.370667 0.270000
42 0.292000 0.275000 0.146667 0.142000
42 0.136000 0.317000 0.160000 0.114000
42 0.589333 0.287000 0.389333 0.322000
22 0.964000 0.123000 0.072000 0.058000
1 0.292000 0.333000 0.146667 0.334000
29 0.669333 0.595000 0.245333 0.294000
8 0.502667 0.080000 0.989333 0.156000
72 0.500000 0.547000 1.000000 0.906000
59 0.578667 0.554000 0.080000 0.020000
17 0.866667 0.150000 0.250667 0.112000
23 0.518667 0.419000 0.573333 0.834000