21 0.306000 0.426426 0.016000 0.024024
30 0.247000 0.454955 0.030000 0.033033
8 0.084000 0.049550 0.160000 0.081081
8 0.752000 0.300300 0.144000 0.060060
8 0.079000 0.460961 0.158000 0.081081
8 0.482000 0.530030 0.744000 0.651652
8 0.885000 0.052553 0.226000 0.105105
41 0.619000 0.432432 0.078000 0.078078
41 0.643000 0.492492 0.074000 0.168168
0 0.334000 0.423423 0.004000 0.006006
0 0.370000 0.432432 0.004000 0.006006
0 0.347000 0.426426 0.006000 0.006006
0 0.321000 0.420420 0.006000 0.006006
0 0.482000 0.450450 0.004000 0.006006
43 0.550000 0.462462 0.004000 0.006006
43 0.278000 0.421922 0.008000 0.003003
135 0.416000 0.606607 0.084000 0.180180
135 0.472000 0.357357 0.168000 0.234234