5 0.499000 0.298319 0.998000 0.591036
105 0.448000 0.599440 0.896000 0.722689
21 0.766000 0.600840 0.092000 0.305322
102 0.930000 0.418768 0.012000 0.030812
75 0.880000 0.570028 0.020000 0.047619
55 0.863000 0.697479 0.266000 0.218487
49 0.561000 0.868347 0.866000 0.257703
49 0.896000 0.596639 0.024000 0.022409
2 0.071000 0.187675 0.138000 0.134454
0 0.714000 0.306723 0.080000 0.075630
0 0.943000 0.352941 0.046000 0.056022
0 0.875000 0.341737 0.062000 0.072829
0 0.806000 0.324930 0.076000 0.072829
0 0.594000 0.281513 0.104000 0.086835