5 0.245000 0.788520 0.490000 0.422961
122 0.528000 0.454683 0.424000 0.534743
47 0.344000 0.616314 0.028000 0.132931
47 0.548000 0.586103 0.032000 0.138973
47 0.663000 0.386707 0.018000 0.066465
47 0.412000 0.315710 0.036000 0.141994
47 0.435000 0.608761 0.038000 0.135952
47 0.580000 0.364048 0.032000 0.135952
47 0.400000 0.613293 0.024000 0.132931
13 0.517000 0.841390 0.078000 0.317221
9 0.527000 0.587613 0.426000 0.262840
9 0.524000 0.333837 0.368000 0.293051
17 0.499000 0.489426 0.994000 0.978852