54 0.281333 0.853000 0.098667 0.210000
54 0.254667 0.809000 0.056000 0.174000
123 0.805333 0.928000 0.048000 0.144000
89 0.477333 0.873000 0.698667 0.250000
44 0.673333 0.267000 0.130667 0.162000
44 0.333333 0.290000 0.117333 0.148000
44 0.248000 0.371000 0.096000 0.114000
44 0.777333 0.352000 0.130667 0.152000
143 0.824000 0.961000 0.026667 0.022000
75 0.228000 0.304000 0.445333 0.604000
98 0.562667 0.891000 0.021333 0.014000
98 0.578667 0.834000 0.021333 0.016000
124 0.576000 0.860000 0.309333 0.104000
149 0.766667 0.442000 0.072000 0.084000
149 0.262667 0.451000 0.066667 0.074000
149 0.350667 0.361000 0.077333 0.078000
149 0.650667 0.348000 0.069333 0.080000
3 0.733333 0.501000 0.528000 0.994000