38 0.369369 0.394000 0.228228 0.328000
19 0.687688 0.126000 0.030030 0.056000
25 0.549550 0.107000 0.036036 0.014000
7 0.496997 0.580000 0.993994 0.836000
16 0.603604 0.058000 0.192192 0.096000
15 0.202703 0.642000 0.093093 0.076000
10 0.602102 0.106000 0.195195 0.200000
113 0.671171 0.732000 0.645646 0.536000
1 0.578078 0.416000 0.843844 0.820000
30 0.578078 0.128000 0.039039 0.036000
24 0.417417 0.636000 0.834835 0.696000
4 0.663664 0.360000 0.666667 0.440000
66 0.762763 0.620000 0.474474 0.220000
3 0.500000 0.224000 0.975976 0.448000