67 0.565000 0.740181 0.102000 0.519637
67 0.063000 0.716012 0.126000 0.567976
105 0.534000 0.404834 0.924000 0.519637
21 0.874000 0.442598 0.044000 0.432024
21 0.086000 0.468278 0.016000 0.187311
91 0.242000 0.679758 0.164000 0.640483
91 0.783000 0.580060 0.066000 0.374622
91 0.328000 0.601208 0.044000 0.229607
91 0.421000 0.679758 0.138000 0.640483
91 0.702000 0.610272 0.072000 0.404834
91 0.753000 0.564955 0.054000 0.332326
91 0.971000 0.664653 0.054000 0.670695
91 0.063000 0.714502 0.122000 0.570997
7 0.498000 0.817221 0.996000 0.347432
16 0.566000 0.516616 0.068000 0.090634
16 0.403000 0.436556 0.090000 0.172205
15 0.469000 0.797583 0.030000 0.078550
45 0.692000 0.424471 0.044000 0.033233
10 0.045000 0.512085 0.078000 0.154079
29 0.058000 0.922961 0.104000 0.154079
27 0.499000 0.667674 0.994000 0.658610
131 0.848000 0.975831 0.196000 0.048338
4 0.573000 0.685801 0.094000 0.211480
112 0.706000 0.796073 0.048000 0.033233
112 0.697000 0.788520 0.034000 0.018127
66 0.561000 0.856495 0.090000 0.166163
8 0.647000 0.060423 0.218000 0.054381
2 0.499000 0.235650 0.998000 0.471299
0 0.550000 0.344411 0.136000 0.132931
0 0.827000 0.297583 0.078000 0.135952
0 0.738000 0.314199 0.080000 0.126888
43 0.445000 0.358006 0.070000 0.117825