88 0.523000 0.623123 0.082000 0.087087
123 0.152000 0.533033 0.192000 0.435435
136 0.500000 0.123123 1.000000 0.246246
122 0.800000 0.609610 0.056000 0.084084
57 0.343000 0.291291 0.098000 0.072072
57 0.507000 0.289790 0.186000 0.051051
57 0.345000 0.587087 0.106000 0.153153
102 0.779000 0.522523 0.070000 0.222222
75 0.052000 0.509009 0.104000 0.717718
71 0.796000 0.609610 0.032000 0.066066
98 0.032000 0.493994 0.064000 0.231231
90 0.161000 0.328829 0.194000 0.081081
3 0.032000 0.087087 0.064000 0.120120
3 0.866000 0.063063 0.120000 0.126126
3 0.841000 0.282282 0.050000 0.066066
3 0.166000 0.051051 0.084000 0.102102
3 0.929000 0.612613 0.134000 0.276276
0 0.932000 0.498498 0.072000 0.474474
0 0.340000 0.420420 0.084000 0.306306
0 0.926000 0.500000 0.060000 0.465465
0 0.500000 0.288288 0.184000 0.060060