74 0.472000 0.524024 0.944000 0.183183
26 0.501000 0.456456 0.994000 0.150150
56 0.498000 0.713213 0.996000 0.567568
64 0.436000 0.896396 0.064000 0.045045
138 0.638000 0.867868 0.052000 0.090090
92 0.544000 0.481982 0.064000 0.081081
92 0.963000 0.533033 0.070000 0.093093
92 0.779000 0.656156 0.062000 0.075075
1 0.964000 0.743243 0.068000 0.513514
1 0.559000 0.684685 0.306000 0.492492
65 0.596000 0.600601 0.024000 0.066066
29 0.961000 0.839339 0.078000 0.207207
6 0.286000 0.385886 0.032000 0.069069
6 0.802000 0.400901 0.044000 0.099099
6 0.414000 0.388889 0.052000 0.093093
109 0.620000 0.294294 0.020000 0.036036
4 0.970000 0.648649 0.056000 0.186186
48 0.692000 0.882883 0.044000 0.084084