33 0.219000 0.645210 0.434000 0.703593
116 0.462000 0.886228 0.084000 0.173653
21 0.424000 0.332335 0.388000 0.652695
36 0.320000 0.267964 0.084000 0.182635
96 0.322000 0.239521 0.116000 0.059880
16 0.298000 0.185629 0.168000 0.209581
142 0.397000 0.667665 0.114000 0.065868
10 0.293000 0.224551 0.158000 0.287425
42 0.282000 0.640719 0.380000 0.658683
1 0.366000 0.537425 0.592000 0.913174
30 0.338000 0.270958 0.028000 0.050898
18 0.657000 0.934132 0.526000 0.119760
3 0.502000 0.324850 0.996000 0.637725