5 0.705333 0.472000 0.589333 0.408000
20 0.949333 0.700000 0.096000 0.056000
33 0.461333 0.484000 0.848000 0.860000
144 0.689333 0.684000 0.104000 0.104000
11 0.526667 0.868000 0.941333 0.224000
16 0.349333 0.684000 0.138667 0.100000
114 0.614667 0.194000 0.440000 0.332000
14 0.289333 0.921000 0.061333 0.158000
14 0.333333 0.602000 0.112000 0.220000
4 0.333333 0.762000 0.192000 0.148000
72 0.656000 0.960000 0.149333 0.064000
0 0.897333 0.421000 0.013333 0.026000
0 0.026667 0.465000 0.053333 0.074000
23 0.334667 0.814000 0.194667 0.372000