116 0.807000 0.938667 0.062000 0.122667
21 0.454000 0.289333 0.188000 0.525333
31 0.479000 0.752000 0.574000 0.426667
16 0.636000 0.202667 0.076000 0.106667
15 0.529000 0.509333 0.050000 0.048000
10 0.635000 0.220000 0.078000 0.141333
102 0.945000 0.328000 0.110000 0.405333
14 0.314000 0.744000 0.064000 0.037333
14 0.350000 0.757333 0.020000 0.042667
14 0.313000 0.718667 0.050000 0.040000
14 0.378000 0.717333 0.044000 0.037333
14 0.398000 0.748000 0.084000 0.045333
12 0.939000 0.144000 0.026000 0.021333
1 0.551000 0.500000 0.102000 0.408000
1 0.612000 0.548000 0.224000 0.797333
1 0.948000 0.522667 0.100000 0.218667
75 0.722000 0.168000 0.112000 0.192000
71 0.226000 0.134667 0.108000 0.114667
4 0.653000 0.445333 0.138000 0.320000
48 0.588000 0.864000 0.088000 0.048000
48 0.633000 0.902667 0.082000 0.061333
18 0.299000 0.884000 0.290000 0.216000
50 0.496000 0.733333 0.520000 0.288000
3 0.061000 0.228000 0.122000 0.440000
3 0.228000 0.300000 0.244000 0.600000
23 0.885000 0.781333 0.230000 0.437333
23 0.779000 0.658667 0.410000 0.677333