5 0.635000 0.412387 0.582000 0.432024
5 0.529000 0.205438 0.938000 0.410876
57 0.789000 0.364048 0.066000 0.154079
16 0.803000 0.513595 0.022000 0.024169
10 0.798000 0.524169 0.028000 0.045317
12 0.036000 0.111782 0.072000 0.199396
12 0.718000 0.135952 0.484000 0.175227
40 0.277000 0.882175 0.554000 0.235650
108 0.771000 0.359517 0.026000 0.132931
1 0.780000 0.570997 0.072000 0.145015
69 0.048000 0.164653 0.024000 0.063444
6 0.036000 0.161631 0.028000 0.063444
13 0.089000 0.376133 0.030000 0.697885
13 0.414000 0.438066 0.024000 0.507553
55 0.499000 0.820242 0.998000 0.353474
4 0.777000 0.554381 0.066000 0.081571
49 0.501000 0.664653 0.998000 0.259819
9 0.040000 0.119335 0.076000 0.190332
9 0.379000 0.525680 0.106000 0.205438
9 0.650000 0.333837 0.100000 0.051360
9 0.413000 0.140483 0.150000 0.099698
60 0.499000 0.815710 0.998000 0.362538
0 0.957000 0.128399 0.078000 0.135952
104 0.654000 0.338369 0.092000 0.036254