101 0.199000 0.142643 0.046000 0.045045
74 0.501000 0.864865 0.938000 0.258258
36 0.952000 0.277778 0.028000 0.063063
56 0.498000 0.815315 0.996000 0.351351
138 0.605000 0.578078 0.054000 0.075075
16 0.668000 0.342342 0.048000 0.084084
15 0.955000 0.321321 0.034000 0.060060
92 0.822000 0.435435 0.040000 0.180180
92 0.393000 0.249249 0.074000 0.072072
103 0.796000 0.208709 0.140000 0.033033
40 0.325000 0.869369 0.650000 0.033033
40 0.628000 0.965465 0.744000 0.033033
1 0.541000 0.358859 0.130000 0.165165
1 0.743000 0.343844 0.102000 0.195195
1 0.808000 0.135135 0.164000 0.186186
1 0.120000 0.259760 0.104000 0.327327
1 0.957000 0.345345 0.090000 0.228228
29 0.427000 0.686186 0.334000 0.327327
29 0.895000 0.707207 0.198000 0.237237
29 0.125000 0.363363 0.074000 0.114114
6 0.656000 0.373874 0.124000 0.147147
34 0.218000 0.840841 0.024000 0.012012
4 0.901000 0.515015 0.166000 0.195195
4 0.684000 0.403904 0.080000 0.087087
4 0.831000 0.154655 0.110000 0.087087
4 0.541000 0.396396 0.122000 0.096096
4 0.119000 0.235736 0.110000 0.159159
4 0.610000 0.106607 0.100000 0.111111
48 0.266000 0.834835 0.084000 0.048048
48 0.579000 0.818318 0.054000 0.099099
112 0.926000 0.833333 0.076000 0.063063
59 0.371000 0.683183 0.190000 0.321321
3 0.504000 0.539039 0.984000 0.273273
23 0.600000 0.084084 0.128000 0.168168