38 0.616000 0.298969 0.032000 0.116838
38 0.533000 0.371134 0.066000 0.034364
5 0.381000 0.072165 0.130000 0.061856
126 0.790000 0.237113 0.248000 0.240550
101 0.497000 0.175258 0.054000 0.082474
74 0.036000 0.513746 0.072000 0.072165
74 0.502000 0.707904 0.056000 0.061856
26 0.488000 0.335052 0.956000 0.182131
56 0.486000 0.678694 0.964000 0.457045
138 0.484000 0.304124 0.044000 0.065292
138 0.613000 0.237113 0.026000 0.061856
11 0.716000 0.438144 0.064000 0.085911
11 0.844000 0.439863 0.128000 0.109966
15 0.446000 0.298969 0.040000 0.048110
119 0.510000 0.292096 0.028000 0.034364
61 0.496000 0.158076 0.016000 0.020619
1 0.555000 0.378007 0.166000 0.336770
29 0.472000 0.412371 0.144000 0.192440
69 0.422000 0.065292 0.052000 0.089347
13 0.754000 0.333333 0.052000 0.178694
13 0.069000 0.317869 0.030000 0.168385
3 0.214000 0.293814 0.180000 0.243986