105 0.540000 0.542763 0.624000 0.684211
73 0.131000 0.422697 0.258000 0.075658
20 0.068000 0.587171 0.136000 0.220395
26 0.117000 0.603618 0.230000 0.226974
22 0.133000 0.281250 0.130000 0.207237
22 0.084000 0.427632 0.076000 0.039474
40 0.681000 0.730263 0.430000 0.532895
65 0.446000 0.580592 0.068000 0.029605
13 0.974000 0.378289 0.024000 0.756579
51 0.893000 0.241776 0.210000 0.141447
0 0.606000 0.467105 0.032000 0.157895
43 0.722000 0.450658 0.052000 0.111842
43 0.377000 0.432566 0.274000 0.240132