53 0.500000 0.498667 1.000000 0.997333
87 0.498000 0.518667 0.008000 0.008000
19 0.580000 0.410667 0.020000 0.042667
25 0.529000 0.393333 0.018000 0.018667
25 0.504000 0.386667 0.012000 0.021333
36 0.530000 0.410667 0.068000 0.138667
15 0.359000 0.689333 0.050000 0.098667
15 0.361000 0.685333 0.094000 0.112000
10 0.547000 0.392000 0.106000 0.176000
103 0.337000 0.857333 0.326000 0.280000
1 0.416000 0.649333 0.468000 0.696000
30 0.510000 0.405333 0.024000 0.037333
4 0.499000 0.644000 0.298000 0.392000
3 0.755000 0.246667 0.490000 0.493333