77 0.533000 0.980480 0.166000 0.033033
67 0.094000 0.938438 0.088000 0.117117
101 0.149000 0.866366 0.042000 0.039039
101 0.015000 0.621622 0.026000 0.024024
101 0.681000 0.969970 0.154000 0.054054
37 0.094000 0.081081 0.188000 0.162162
37 0.888000 0.220721 0.212000 0.099099
37 0.778000 0.054054 0.444000 0.108108
91 0.166000 0.942943 0.080000 0.108108
91 0.151000 0.887387 0.042000 0.087087
91 0.031000 0.917417 0.062000 0.165165
16 0.157000 0.927928 0.026000 0.030030
16 0.016000 0.881381 0.020000 0.021021
45 0.150000 0.863363 0.044000 0.039039
10 0.523000 0.554054 0.042000 0.075075
10 0.318000 0.316817 0.088000 0.153153
10 0.684000 0.971471 0.148000 0.057057
10 0.028000 0.884384 0.056000 0.093093
113 0.479000 0.539039 0.122000 0.387387
1 0.064000 0.744745 0.128000 0.276276
1 0.321000 0.618619 0.286000 0.756757
29 0.511000 0.876877 0.070000 0.228228
29 0.306000 0.863363 0.204000 0.273273
27 0.170000 0.938438 0.080000 0.123123
6 0.063000 0.732733 0.126000 0.288288
6 0.417000 0.945946 0.046000 0.102102
62 0.740000 0.881381 0.020000 0.189189
63 0.583000 0.956456 0.062000 0.045045
4 0.321000 0.557057 0.286000 0.363363
4 0.420000 0.978979 0.044000 0.036036
4 0.517000 0.627628 0.090000 0.282282
8 0.841000 0.602102 0.282000 0.297297
8 0.089000 0.052553 0.158000 0.081081
8 0.646000 0.099099 0.136000 0.114114
41 0.439000 0.672673 0.042000 0.054054
41 0.474000 0.699700 0.012000 0.060060