106 0.619000 0.539039 0.670000 0.921922
19 0.661000 0.220721 0.146000 0.159159
19 0.355000 0.159159 0.134000 0.120120
25 0.413000 0.307808 0.022000 0.039039
25 0.549000 0.336336 0.026000 0.036036
36 0.479000 0.429429 0.234000 0.426426
7 0.393000 0.500000 0.786000 1.000000
10 0.510000 0.373874 0.452000 0.549550
103 0.915000 0.405405 0.170000 0.810811
22 0.214000 0.385886 0.072000 0.069069
70 0.475000 0.558559 0.162000 0.126126
30 0.455000 0.454955 0.070000 0.099099
6 0.085000 0.500000 0.170000 1.000000
48 0.911000 0.875375 0.118000 0.183183
48 0.107000 0.773273 0.118000 0.117117