105 0.338000 0.634667 0.672000 0.250667
73 0.048000 0.818667 0.056000 0.058667
73 0.065000 0.937333 0.126000 0.114667
73 0.079000 0.860000 0.078000 0.061333
73 0.158000 0.946667 0.104000 0.080000
73 0.169000 0.901333 0.078000 0.106667
20 0.837000 0.674667 0.114000 0.128000
20 0.169000 0.780000 0.338000 0.200000
20 0.392000 0.730667 0.288000 0.181333
21 0.438000 0.740000 0.096000 0.114667
85 0.836000 0.622667 0.044000 0.018667
108 0.982000 0.804000 0.036000 0.072000
1 0.732000 0.704000 0.052000 0.176000
1 0.728000 0.690667 0.056000 0.154667
1 0.778000 0.693333 0.052000 0.154667
13 0.307000 0.808000 0.018000 0.240000
13 0.247000 0.793333 0.022000 0.237333
13 0.275000 0.805333 0.018000 0.229333
13 0.189000 0.772000 0.018000 0.168000
13 0.223000 0.792000 0.018000 0.218667
9 0.300000 0.720000 0.060000 0.080000
9 0.258000 0.730667 0.036000 0.085333
9 0.211000 0.726667 0.062000 0.072000
0 0.418000 0.317333 0.044000 0.149333
0 0.485000 0.334667 0.042000 0.152000
0 0.343000 0.301333 0.050000 0.176000
43 0.412000 0.098667 0.228000 0.192000
23 0.079000 0.469333 0.062000 0.149333