1 0.857000 0.081081 0.030000 0.084084
27 0.321000 0.702703 0.066000 0.198198
27 0.106000 0.701201 0.040000 0.111111
27 0.018000 0.701201 0.036000 0.117117
27 0.171000 0.707207 0.034000 0.093093
6 0.202000 0.707207 0.028000 0.099099
6 0.539000 0.668168 0.042000 0.159159
6 0.962000 0.683183 0.044000 0.177177
6 0.629000 0.672673 0.058000 0.186186
6 0.842000 0.675676 0.052000 0.174174
6 0.204000 0.707207 0.024000 0.099099
6 0.086000 0.711712 0.016000 0.084084
6 0.106000 0.710210 0.016000 0.081081
6 0.931000 0.663664 0.046000 0.174174
6 0.600000 0.678679 0.036000 0.126126
6 0.504000 0.681682 0.036000 0.132132
62 0.786000 0.692192 0.040000 0.093093
52 0.600000 0.603604 0.044000 0.024024
52 0.638000 0.579580 0.064000 0.042042
52 0.199000 0.650150 0.034000 0.021021
52 0.199000 0.651652 0.034000 0.018018
52 0.105000 0.654655 0.038000 0.024024
52 0.164000 0.665165 0.036000 0.015015
52 0.421000 0.665165 0.038000 0.027027
52 0.166000 0.666667 0.040000 0.018018
52 0.106000 0.653153 0.032000 0.021021
52 0.457000 0.654655 0.034000 0.018018
52 0.512000 0.620120 0.040000 0.069069
52 0.971000 0.585586 0.050000 0.042042
52 0.547000 0.563063 0.070000 0.051051
52 0.933000 0.561562 0.078000 0.036036
52 0.021000 0.659159 0.038000 0.027027
28 0.501000 0.884384 0.986000 0.213213