88 0.130000 0.839339 0.252000 0.309309
95 0.426000 0.828829 0.124000 0.060060
5 0.341000 0.495495 0.666000 0.984985
26 0.768000 0.747748 0.464000 0.324324
7 0.482000 0.746246 0.620000 0.489489
85 0.488000 0.560060 0.032000 0.033033
40 0.560000 0.828829 0.144000 0.162162
13 0.252000 0.518018 0.040000 0.501502
13 0.254000 0.503003 0.024000 0.495495
13 0.273000 0.486486 0.018000 0.420420
13 0.282000 0.495495 0.016000 0.336336
13 0.292000 0.567568 0.008000 0.132132
13 0.274000 0.480480 0.028000 0.420420
49 0.398000 0.767267 0.796000 0.465465
133 0.751000 0.837838 0.450000 0.318318
94 0.453000 0.545045 0.266000 0.285285
0 0.078000 0.644144 0.028000 0.261261