101 0.257000 0.423423 0.050000 0.036036
64 0.224000 0.752252 0.060000 0.069069
138 0.305000 0.617117 0.034000 0.033033
11 0.840000 0.800300 0.320000 0.081081
45 0.121000 0.448949 0.026000 0.027027
92 0.722000 0.518018 0.040000 0.051051
42 0.102000 0.512012 0.064000 0.099099
29 0.794000 0.657658 0.136000 0.180180
29 0.230000 0.642643 0.100000 0.186186
29 0.091000 0.585586 0.066000 0.138138
6 0.096000 0.213213 0.052000 0.114114
6 0.636000 0.244745 0.044000 0.117117
6 0.943000 0.292793 0.054000 0.093093
6 0.595000 0.501502 0.058000 0.126126
6 0.536000 0.540541 0.044000 0.048048
6 0.470000 0.462462 0.060000 0.108108
6 0.597000 0.268769 0.050000 0.123123
6 0.557000 0.267267 0.054000 0.120120
112 0.096000 0.653153 0.076000 0.021021
3 0.155000 0.609610 0.106000 0.096096