38 0.785000 0.348000 0.082000 0.290667
83 0.619000 0.624000 0.058000 0.122667
136 0.652000 0.045333 0.624000 0.080000
21 0.830000 0.601333 0.180000 0.562667
21 0.571000 0.604000 0.086000 0.728000
91 0.427000 0.638667 0.206000 0.717333
96 0.729000 0.436000 0.042000 0.018667
16 0.390000 0.418667 0.076000 0.197333
45 0.878000 0.474667 0.096000 0.080000
42 0.434000 0.549333 0.200000 0.266667
29 0.147000 0.864000 0.282000 0.261333
27 0.411000 0.496000 0.822000 0.992000
59 0.269000 0.704000 0.070000 0.106667
59 0.160000 0.466667 0.120000 0.037333
59 0.208000 0.617333 0.120000 0.088000
59 0.246000 0.684000 0.076000 0.088000
59 0.222000 0.652000 0.104000 0.093333
17 0.392000 0.309333 0.156000 0.122667
3 0.542000 0.485333 0.856000 0.816000
0 0.786000 0.756000 0.024000 0.029333
0 0.785000 0.813333 0.034000 0.080000
0 0.808000 0.388000 0.032000 0.077333
0 0.844000 0.393333 0.036000 0.077333
0 0.877000 0.398667 0.038000 0.072000