19 0.590000 0.306494 0.048000 0.077922
19 0.657000 0.266234 0.054000 0.137662
25 0.608000 0.442857 0.048000 0.038961
36 0.097000 0.388312 0.078000 0.210390
36 0.359000 0.505195 0.214000 0.335065
36 0.610000 0.559740 0.276000 0.496104
11 0.338000 0.757143 0.676000 0.438961
10 0.616000 0.502597 0.280000 0.610390
114 0.525000 0.557143 0.946000 0.844156
22 0.273000 0.096104 0.146000 0.129870
78 0.871000 0.551948 0.258000 0.490909
78 0.339000 0.355844 0.086000 0.192208
78 0.520000 0.431169 0.096000 0.218182
30 0.504000 0.714286 0.056000 0.093506
71 0.489000 0.502597 0.450000 0.480519
2 0.500000 0.158442 1.000000 0.316883