53 0.500000 0.100309 1.000000 0.200617
88 0.184000 0.016975 0.052000 0.033951
56 0.500000 0.280864 1.000000 0.561728
11 0.757000 0.489198 0.182000 0.151235
11 0.225000 0.129630 0.450000 0.135802
7 0.691000 0.797840 0.494000 0.077160
39 0.643000 0.938272 0.190000 0.092593
13 0.565000 0.549383 0.026000 0.425926
55 0.435000 0.033951 0.178000 0.067901
24 0.296000 0.711420 0.592000 0.231481
81 0.556000 0.078704 0.152000 0.108025
2 0.206000 0.069444 0.024000 0.138889
52 0.572000 0.206790 0.740000 0.364198