123 0.591000 0.500000 0.718000 0.680000
136 0.486000 0.086667 0.968000 0.173333
31 0.366000 0.914667 0.420000 0.160000
143 0.375000 0.628000 0.018000 0.008000
143 0.668000 0.696000 0.028000 0.010667
143 0.373000 0.593333 0.018000 0.008000
143 0.668000 0.780000 0.028000 0.013333
143 0.526000 0.672000 0.008000 0.032000
143 0.499000 0.666667 0.006000 0.032000
143 0.412000 0.682667 0.008000 0.026667
143 0.324000 0.665333 0.008000 0.029333
143 0.668000 0.632000 0.028000 0.010667
143 0.318000 0.506667 0.008000 0.026667
111 0.661000 0.520000 0.022000 0.080000
124 0.543000 0.565333 0.122000 0.026667
3 0.107000 0.196000 0.214000 0.104000
0 0.570000 0.361333 0.136000 0.232000