38 0.604000 0.318318 0.072000 0.078078
88 0.690000 0.352853 0.252000 0.255255
73 0.389000 0.957958 0.170000 0.084084
73 0.918000 0.903904 0.160000 0.186186
73 0.963000 0.605105 0.074000 0.093093
73 0.412000 0.842342 0.152000 0.153153
44 0.834000 0.936937 0.176000 0.120120
44 0.698000 0.807808 0.140000 0.120120
44 0.416000 0.843844 0.156000 0.150150
44 0.282000 0.816817 0.128000 0.144144
79 0.525000 0.764264 0.106000 0.087087
79 0.628000 0.905405 0.232000 0.183183
79 0.417000 0.842342 0.154000 0.153153
79 0.154000 0.789790 0.152000 0.210210
11 0.499000 0.555556 0.990000 0.540541
39 0.358000 0.094595 0.012000 0.021021
39 0.356000 0.126126 0.012000 0.018018
39 0.336000 0.199700 0.012000 0.015015
39 0.230000 0.090090 0.012000 0.012012
39 0.284000 0.151652 0.016000 0.021021
14 0.583000 0.420420 0.018000 0.090090
120 0.934000 0.414414 0.124000 0.246246
120 0.056000 0.870871 0.096000 0.168168
120 0.183000 0.926426 0.270000 0.141141
120 0.656000 0.490991 0.324000 0.501502
109 0.678000 0.360360 0.200000 0.030030
24 0.550000 0.506006 0.864000 0.381381
2 0.271000 0.138138 0.334000 0.276276