68 0.228000 0.540254 0.120000 0.156780
95 0.783000 0.190678 0.026000 0.021186
95 0.747000 0.175847 0.026000 0.029661
95 0.756000 0.085805 0.048000 0.019068
95 0.790000 0.247881 0.036000 0.021186
95 0.773000 0.014831 0.018000 0.021186
95 0.793000 0.227754 0.026000 0.019068
95 0.704000 0.085805 0.032000 0.019068
95 0.759000 0.125000 0.058000 0.021186
95 0.711000 0.121822 0.046000 0.019068
95 0.799000 0.016949 0.018000 0.021186
95 0.786000 0.209746 0.056000 0.025424
95 0.758000 0.125000 0.044000 0.029661
95 0.792000 0.120763 0.024000 0.016949
95 0.784000 0.174788 0.048000 0.014831
95 0.712000 0.122881 0.048000 0.021186
95 0.755000 0.082627 0.050000 0.021186
20 0.073000 0.376059 0.146000 0.171610
106 0.516000 0.757415 0.252000 0.358051
106 0.656000 0.838983 0.120000 0.190678
42 0.753000 0.377119 0.198000 0.423729
42 0.306000 0.575212 0.192000 0.192797
103 0.311000 0.773305 0.142000 0.220339
103 0.435000 0.620763 0.126000 0.266949
29 0.768000 0.712924 0.132000 0.404661
6 0.431000 0.534958 0.190000 0.472458
6 0.297000 0.689619 0.266000 0.455508
6 0.752000 0.552966 0.200000 0.771186
48 0.753000 0.915254 0.130000 0.042373
48 0.327000 0.895127 0.102000 0.040254
48 0.318000 0.888771 0.100000 0.040254
48 0.708000 0.900424 0.060000 0.059322
49 0.461000 0.750000 0.914000 0.491525
9 0.545000 0.519068 0.110000 0.233051
52 0.369000 0.421610 0.382000 0.144068
52 0.444000 0.243644 0.272000 0.152542