87 0.306886 0.373000 0.092814 0.066000
101 0.332335 0.191000 0.197605 0.118000
136 0.501497 0.089000 1.002994 0.178000
139 0.926647 0.741000 0.104790 0.026000
19 0.779940 0.274000 0.044910 0.052000
147 0.908683 0.244000 0.014970 0.008000
147 0.952096 0.241000 0.023952 0.010000
80 0.498503 0.827000 0.997006 0.238000
15 0.239521 0.691000 0.113772 0.122000
142 0.357784 0.679000 0.116766 0.090000
45 0.673653 0.201000 0.287425 0.154000
10 0.309880 0.233000 0.182635 0.198000
61 0.350299 0.173000 0.089820 0.018000
1 0.275449 0.442000 0.425150 0.620000
1 0.103293 0.428000 0.206587 0.460000
1 0.724551 0.413000 0.467066 0.578000
111 0.923653 0.823000 0.152695 0.226000
111 0.931138 0.759000 0.113772 0.062000
4 0.275449 0.380000 0.425150 0.240000
104 0.923653 0.740000 0.104790 0.024000