129 0.352000 0.569486 0.044000 0.039275
95 0.622000 0.240181 0.020000 0.015106
15 0.369000 0.589124 0.030000 0.030211
45 0.789000 0.542296 0.026000 0.039275
45 0.513000 0.484894 0.046000 0.063444
12 0.160000 0.081571 0.072000 0.078550
1 0.392000 0.655589 0.108000 0.483384
65 0.180000 0.283988 0.068000 0.054381
71 0.289000 0.498489 0.574000 0.990937
94 0.855000 0.549849 0.290000 0.277946
94 0.269000 0.496979 0.502000 0.993958
3 0.497000 0.495468 0.990000 0.984894
23 0.521000 0.587613 0.082000 0.262840