88 0.498000 0.767267 0.996000 0.453453
101 0.529000 0.102102 0.122000 0.126126
139 0.514000 0.509009 0.160000 0.177177
139 0.248000 0.229730 0.128000 0.141141
15 0.770000 0.244745 0.064000 0.087087
15 0.372000 0.704204 0.076000 0.093093
15 0.612000 0.789790 0.060000 0.114114
15 0.685000 0.244745 0.054000 0.081081
10 0.527000 0.174174 0.118000 0.270270
1 0.522000 0.516517 0.360000 0.960961
4 0.534000 0.555556 0.368000 0.570571
4 0.236000 0.177177 0.232000 0.246246
66 0.552000 0.861862 0.332000 0.258258
145 0.324000 0.827327 0.200000 0.333333
23 0.772000 0.160661 0.300000 0.321321