106 0.540000 0.361333 0.396000 0.605333
21 0.153000 0.285333 0.230000 0.570667
19 0.655000 0.584000 0.050000 0.085333
25 0.413000 0.148000 0.038000 0.050667
25 0.672000 0.638667 0.024000 0.024000
25 0.724000 0.634667 0.028000 0.026667
25 0.516000 0.157333 0.044000 0.074667
31 0.510000 0.705333 0.984000 0.584000
30 0.697000 0.661333 0.022000 0.037333
30 0.466000 0.162667 0.056000 0.048000
90 0.714000 0.252000 0.368000 0.504000
59 0.660000 0.881333 0.076000 0.034667
41 0.270000 0.721333 0.136000 0.136000