5 0.659000 0.312312 0.206000 0.288288
5 0.507000 0.381381 0.114000 0.144144
105 0.453000 0.636637 0.206000 0.222222
20 0.084000 0.725225 0.168000 0.159159
20 0.313000 0.659159 0.054000 0.057057
20 0.272000 0.651652 0.044000 0.060060
37 0.384000 0.135135 0.232000 0.078078
21 0.456000 0.647147 0.020000 0.153153
12 0.394000 0.707207 0.008000 0.021021
12 0.360000 0.698198 0.008000 0.021021
1 0.982000 0.710210 0.032000 0.159159
98 0.498000 0.821321 0.040000 0.099099
98 0.543000 0.824324 0.030000 0.123123
9 0.155000 0.590090 0.022000 0.027027
8 0.379000 0.273273 0.186000 0.078078
76 0.132000 0.774775 0.040000 0.060060
0 0.062000 0.683183 0.060000 0.051051
0 0.518000 0.612613 0.068000 0.072072