38 0.336826 0.415000 0.134731 0.138000
38 0.663174 0.409000 0.158683 0.202000
21 0.178144 0.439000 0.188623 0.478000
21 0.053892 0.434000 0.107784 0.368000
25 0.498503 0.384000 0.026946 0.012000
25 0.547904 0.386000 0.017964 0.012000
91 0.502994 0.608000 0.473054 0.776000
16 0.570359 0.509000 0.068862 0.106000
15 0.607784 0.295000 0.095808 0.050000
32 0.170659 0.436000 0.179641 0.036000
10 0.498503 0.389000 0.140719 0.150000
42 0.473054 0.516000 0.532934 0.392000
14 0.446108 0.816000 0.125749 0.200000
14 0.541916 0.827000 0.119760 0.222000
70 0.519461 0.419000 0.050898 0.014000
30 0.525449 0.394000 0.026946 0.032000
29 0.492515 0.719000 0.248503 0.086000
9 0.576347 0.252000 0.104790 0.076000
52 0.405689 0.240000 0.392216 0.400000