87 0.813694 0.866000 0.047771 0.012000
87 0.863057 0.831000 0.050955 0.010000
87 0.864650 0.867000 0.047771 0.010000
87 0.863057 0.814000 0.050955 0.008000
87 0.864650 0.887000 0.047771 0.010000
87 0.813694 0.830000 0.041401 0.012000
87 0.831210 0.921000 0.121019 0.034000
87 0.813694 0.887000 0.047771 0.010000
87 0.813694 0.811000 0.047771 0.010000
87 0.863057 0.796000 0.050955 0.008000
87 0.812102 0.796000 0.038217 0.008000
144 0.205414 0.482000 0.124204 0.096000
144 0.331210 0.465000 0.082803 0.138000
89 0.200637 0.546000 0.356688 0.036000
89 0.471338 0.868000 0.936306 0.252000
16 0.802548 0.462000 0.394904 0.332000
22 0.224522 0.632000 0.136943 0.072000
61 0.546178 0.878000 0.073248 0.012000
98 0.087580 0.864000 0.117834 0.164000
23 0.646497 0.643000 0.707006 0.706000