25 0.417000 0.133333 0.022000 0.021333
117 0.620000 0.522667 0.572000 0.949333
22 0.823000 0.369333 0.350000 0.733333
82 0.671000 0.669333 0.074000 0.261333
6 0.355000 0.629333 0.062000 0.192000
63 0.467000 0.484000 0.170000 0.498667
131 0.069000 0.904000 0.138000 0.186667
46 0.732000 0.362667 0.060000 0.064000
2 0.905000 0.257333 0.138000 0.338667
2 0.191000 0.502667 0.382000 0.994667
2 0.766000 0.188000 0.068000 0.376000
84 0.162000 0.605333 0.316000 0.490667
84 0.762000 0.184000 0.080000 0.368000