38 0.805000 0.627381 0.142000 0.264286
95 0.944000 0.576190 0.100000 0.223810
19 0.883000 0.350000 0.058000 0.085714
25 0.788000 0.282143 0.032000 0.035714
11 0.270000 0.235714 0.540000 0.223810
7 0.499000 0.501190 0.998000 0.992857
10 0.817000 0.321429 0.234000 0.300000
14 0.873000 0.686905 0.058000 0.088095
14 0.708000 0.853571 0.104000 0.230952
30 0.731000 0.270238 0.066000 0.069048
13 0.608000 0.278571 0.160000 0.557143
62 0.658000 0.402381 0.252000 0.785714
63 0.330000 0.666667 0.660000 0.652381
49 0.838000 0.497619 0.324000 0.995238
72 0.837000 0.036905 0.322000 0.073810
72 0.249000 0.126190 0.238000 0.123810
72 0.271000 0.502381 0.542000 0.385714
72 0.823000 0.236905 0.230000 0.130952
72 0.170000 0.175000 0.152000 0.092857
41 0.873000 0.685714 0.054000 0.080952
3 0.330000 0.778571 0.636000 0.357143