53 0.500000 0.228228 1.000000 0.456456
5 0.141000 0.795796 0.282000 0.408408
20 0.498000 0.623123 0.996000 0.441441
21 0.647000 0.623123 0.062000 0.207207
21 0.039000 0.887387 0.078000 0.177177
7 0.367000 0.830330 0.162000 0.141141
107 0.142000 0.794294 0.284000 0.405405
107 0.140000 0.855856 0.280000 0.282282
1 0.649000 0.567568 0.042000 0.078078
65 0.626000 0.489489 0.028000 0.042042
51 0.147000 0.669670 0.262000 0.132132
8 0.473000 0.115616 0.434000 0.231231
94 0.773000 0.648649 0.454000 0.396396
0 0.647000 0.567568 0.042000 0.078078
0 0.049000 0.855856 0.034000 0.042042
43 0.300000 0.555556 0.308000 0.276276