26 0.134000 0.577039 0.264000 0.151057
26 0.779000 0.601208 0.430000 0.181269
11 0.083000 0.932024 0.118000 0.123867
11 0.852000 0.951662 0.060000 0.036254
16 0.066000 0.456193 0.028000 0.066465
10 0.414000 0.206949 0.072000 0.093656
1 0.107000 0.503021 0.054000 0.208459
1 0.679000 0.551360 0.054000 0.256798
27 0.255000 0.477341 0.050000 0.096677
27 0.193000 0.481873 0.058000 0.099698
27 0.806000 0.563444 0.032000 0.190332
27 0.961000 0.557402 0.066000 0.280967
27 0.745000 0.563444 0.050000 0.232628
27 0.861000 0.471299 0.054000 0.138973
27 0.598000 0.569486 0.072000 0.220544
27 0.018000 0.524169 0.032000 0.244713
4 0.679000 0.510574 0.058000 0.102719
17 0.499000 0.203927 0.998000 0.407855