5 0.576000 0.365269 0.812000 0.730539
105 0.500000 0.528443 0.700000 0.535928
105 0.104000 0.619760 0.132000 0.137725
58 0.663000 0.356287 0.094000 0.083832
7 0.750000 0.878743 0.224000 0.062874
22 0.726000 0.800898 0.024000 0.014970
47 0.681000 0.449102 0.014000 0.023952
47 0.663000 0.414671 0.018000 0.020958
47 0.677000 0.420659 0.014000 0.026946
47 0.638000 0.479042 0.008000 0.017964
47 0.693000 0.453593 0.014000 0.032934
47 0.611000 0.441617 0.010000 0.044910
47 0.667000 0.449102 0.014000 0.023952
47 0.623000 0.444611 0.014000 0.026946
47 0.640000 0.446108 0.016000 0.023952
120 0.599000 0.351796 0.058000 0.188623
55 0.135000 0.916168 0.190000 0.131737
49 0.910000 0.763473 0.112000 0.107784
60 0.068000 0.693114 0.132000 0.068862
17 0.522000 0.223054 0.956000 0.440120
43 0.785000 0.166168 0.178000 0.212575