115 0.543000 0.773952 0.690000 0.230539
91 0.483000 0.519461 0.414000 0.847305
11 0.500000 0.615269 1.000000 0.769461
16 0.523000 0.218563 0.202000 0.239521
15 0.450000 0.414671 0.052000 0.074850
10 0.501000 0.212575 0.122000 0.227545
107 0.500000 0.208084 1.000000 0.074850
4 0.546000 0.443114 0.292000 0.323353
48 0.336000 0.857784 0.116000 0.134731
48 0.545000 0.889222 0.094000 0.095808
8 0.500000 0.115269 1.000000 0.230539
17 0.766000 0.128743 0.056000 0.137725
17 0.132000 0.178144 0.264000 0.086826
35 0.728000 0.850299 0.048000 0.071856