105 0.565000 0.484026 0.466000 0.546326
20 0.920000 0.597444 0.152000 0.191693
144 0.215000 0.738019 0.174000 0.332268
21 0.499000 0.517572 0.110000 0.460064
42 0.428000 0.562300 0.072000 0.127796
6 0.433000 0.621406 0.078000 0.316294
49 0.500000 0.884984 1.000000 0.230032
9 0.686000 0.263578 0.088000 0.162939
60 0.804000 0.750799 0.388000 0.185304
3 0.210000 0.448882 0.252000 0.897764
35 0.938000 0.650160 0.060000 0.086262
0 0.512000 0.389776 0.040000 0.127796
0 0.474000 0.429712 0.032000 0.207668
0 0.393000 0.381789 0.086000 0.150160
0 0.668000 0.426518 0.204000 0.194888