54 0.198000 0.124000 0.172000 0.248000
54 0.116000 0.928000 0.180000 0.138667
21 0.194000 0.854667 0.388000 0.290667
32 0.028000 0.180000 0.056000 0.098667
32 0.120000 0.892000 0.240000 0.216000
12 0.676000 0.874667 0.096000 0.090667
12 0.813000 0.040000 0.030000 0.037333
12 0.827000 0.380000 0.066000 0.050667
12 0.647000 0.321333 0.062000 0.045333
12 0.509000 0.273333 0.050000 0.056000
132 0.222000 0.402667 0.416000 0.261333
132 0.707000 0.644000 0.526000 0.392000
34 0.415000 0.598667 0.122000 0.242667
34 0.678000 0.638667 0.644000 0.456000
34 0.223000 0.417333 0.446000 0.296000
59 0.015000 0.829333 0.026000 0.064000
145 0.087000 0.949333 0.022000 0.085333
145 0.132000 0.960000 0.032000 0.080000