5 0.156000 0.142254 0.264000 0.228169
5 0.931000 0.252113 0.134000 0.098592
26 0.184000 0.246479 0.248000 0.047887
11 0.500000 0.616901 1.000000 0.743662
118 0.252000 0.501408 0.060000 0.095775
13 0.757000 0.087324 0.034000 0.123944
8 0.504000 0.108451 0.156000 0.092958
2 0.441000 0.235211 0.042000 0.064789
2 0.839000 0.192958 0.098000 0.166197
2 0.901000 0.232394 0.094000 0.143662
17 0.873000 0.215493 0.170000 0.177465
125 0.552000 0.546479 0.740000 0.771831
0 0.569000 0.291549 0.214000 0.126761