5 0.077000 0.256000 0.082000 0.085333
5 0.193000 0.220000 0.062000 0.125333
5 0.312000 0.205333 0.052000 0.122667
5 0.400000 0.196000 0.056000 0.221333
5 0.821000 0.250667 0.062000 0.117333
5 0.807000 0.321333 0.134000 0.088000
26 0.502000 0.754667 0.996000 0.197333
117 0.733000 0.517333 0.310000 0.752000
11 0.594000 0.142667 0.036000 0.045333
7 0.501000 0.902667 0.998000 0.189333
10 0.746000 0.877333 0.044000 0.085333
14 0.455000 0.898667 0.046000 0.138667
14 0.817000 0.869333 0.022000 0.144000
14 0.934000 0.861333 0.036000 0.138667
14 0.171000 0.894667 0.058000 0.125333
14 0.066000 0.888000 0.048000 0.138667
14 0.376000 0.906667 0.064000 0.138667
78 0.659000 0.325333 0.138000 0.277333
13 0.490000 0.436000 0.040000 0.866667
63 0.656000 0.845333 0.040000 0.032000
63 0.688000 0.848000 0.024000 0.021333
63 0.705000 0.848000 0.042000 0.026667
41 0.219000 0.680000 0.014000 0.138667
81 0.115000 0.081333 0.022000 0.072000
28 0.449000 0.390667 0.890000 0.061333
137 0.849000 0.820000 0.250000 0.242667
137 0.130000 0.852000 0.240000 0.221333
137 0.427000 0.850667 0.286000 0.250667