67 0.445946 0.810000 0.669670 0.372000
67 0.816817 0.826000 0.366366 0.344000
5 0.354354 0.184000 0.390390 0.284000
106 0.611111 0.386000 0.603604 0.256000
19 0.459459 0.806000 0.054054 0.060000
25 0.388889 0.394000 0.051051 0.036000
140 0.135135 0.895000 0.048048 0.042000
140 0.255255 0.922000 0.036036 0.016000
140 0.225225 0.875000 0.030030 0.042000
140 0.190691 0.865000 0.033033 0.054000
140 0.163664 0.871000 0.039039 0.046000
16 0.567568 0.726000 0.324324 0.208000
15 0.265766 0.918000 0.315315 0.156000
45 0.235736 0.657000 0.063063 0.018000
45 0.857357 0.761000 0.279279 0.210000
10 0.235736 0.674000 0.063063 0.056000
22 0.096096 0.544000 0.060060 0.068000
108 0.292793 0.967000 0.051051 0.062000
1 0.238739 0.729000 0.183183 0.166000
30 0.328829 0.423000 0.033033 0.014000
4 0.471471 0.921000 0.630631 0.158000
41 0.714715 0.307000 0.060060 0.094000
2 0.292793 0.501000 0.069069 0.070000
43 0.394895 0.223000 0.309309 0.034000