88 0.686667 0.297000 0.264000 0.086000
101 0.269333 0.584000 0.069333 0.032000
19 0.530667 0.545000 0.021333 0.022000
36 0.556000 0.546000 0.050667 0.056000
26 0.380000 0.592000 0.232000 0.096000
7 0.249333 0.406000 0.488000 0.188000
15 0.560000 0.669000 0.037333 0.030000
10 0.613333 0.185000 0.042667 0.038000
10 0.268000 0.603000 0.061333 0.066000
10 0.550667 0.539000 0.066667 0.066000
1 0.632000 0.264000 0.117333 0.188000
1 0.273333 0.742000 0.162667 0.340000
1 0.229333 0.287000 0.090667 0.218000
1 0.568000 0.637000 0.133333 0.266000
1 0.877333 0.240000 0.106667 0.260000
13 0.408000 0.109000 0.026667 0.214000
24 0.269333 0.402000 0.453333 0.180000
112 0.629333 0.347000 0.037333 0.030000
3 0.252000 0.261000 0.488000 0.114000
3 0.249333 0.696000 0.488000 0.168000