74 0.073333 0.736000 0.098667 0.032000
19 0.509333 0.351000 0.069333 0.026000
117 0.682667 0.529000 0.405333 0.482000
117 0.334667 0.529000 0.285333 0.450000
11 0.500000 0.832000 1.000000 0.336000
14 0.238667 0.633000 0.093333 0.242000
14 0.417333 0.627000 0.125333 0.242000
14 0.269333 0.676000 0.037333 0.144000
14 0.365333 0.632000 0.090667 0.228000
46 0.532000 0.772000 0.200000 0.044000
46 0.701333 0.395000 0.037333 0.034000
41 0.834667 0.494000 0.101333 0.148000
2 0.241333 0.350000 0.482667 0.700000