73 0.479000 0.680000 0.670000 0.464000
19 0.740000 0.645333 0.024000 0.026667
117 0.806000 0.762667 0.196000 0.282667
117 0.127000 0.802667 0.130000 0.208000
117 0.441000 0.808000 0.122000 0.208000
11 0.499000 0.697333 0.998000 0.594667
22 0.341000 0.738667 0.014000 0.026667
22 0.332000 0.652000 0.012000 0.024000
22 0.458000 0.622667 0.020000 0.018667
22 0.449000 0.640000 0.010000 0.026667
22 0.327000 0.554667 0.022000 0.021333
14 0.468000 0.857333 0.024000 0.098667
14 0.809000 0.848000 0.026000 0.133333
78 0.780000 0.700000 0.104000 0.098667
8 0.499000 0.166667 0.994000 0.333333
46 0.838000 0.756000 0.036000 0.050667
46 0.798000 0.730667 0.012000 0.032000
46 0.148000 0.756000 0.016000 0.024000
46 0.143000 0.729333 0.014000 0.024000
46 0.142000 0.718667 0.020000 0.018667
46 0.586000 0.768000 0.020000 0.016000
46 0.102000 0.770667 0.028000 0.032000
46 0.835000 0.748000 0.034000 0.045333
46 0.137000 0.766667 0.010000 0.013333
46 0.455000 0.760000 0.010000 0.016000
46 0.605000 0.818667 0.010000 0.026667
46 0.847000 0.746667 0.018000 0.026667
46 0.813000 0.760000 0.014000 0.032000
46 0.840000 0.742667 0.032000 0.045333
46 0.149000 0.761333 0.030000 0.045333
46 0.859000 0.756000 0.026000 0.040000
46 0.834000 0.746667 0.036000 0.037333
41 0.071000 0.809333 0.026000 0.120000
41 0.898000 0.820000 0.028000 0.125333
2 0.505000 0.529333 0.986000 0.738667