97 0.467000 0.148000 0.034000 0.050667
97 0.467000 0.144000 0.046000 0.053333
21 0.561000 0.616000 0.258000 0.432000
21 0.765000 0.521333 0.194000 0.397333
31 0.858000 0.913333 0.204000 0.120000
31 0.501000 0.833333 1.002000 0.333333
32 0.584000 0.481333 0.140000 0.072000
32 0.761000 0.661333 0.086000 0.074667
32 0.577000 0.798667 0.126000 0.093333
32 0.783000 0.389333 0.094000 0.053333
143 0.666000 0.361333 0.028000 0.050667
143 0.724000 0.344000 0.044000 0.048000
143 0.509000 0.428000 0.046000 0.066667
143 0.555000 0.408000 0.034000 0.058667
143 0.553000 0.405333 0.030000 0.053333
143 0.765000 0.322667 0.038000 0.058667
143 0.616000 0.380000 0.032000 0.056000
143 0.511000 0.432000 0.038000 0.053333
143 0.807000 0.313333 0.030000 0.050667
143 0.832000 0.305333 0.024000 0.045333
50 0.208000 0.040000 0.088000 0.080000
50 0.418000 0.029333 0.064000 0.053333
50 0.479000 0.026667 0.058000 0.053333
50 0.355000 0.033333 0.070000 0.056000
50 0.285000 0.036000 0.078000 0.072000
50 0.780000 0.882667 0.412000 0.224000
3 0.441000 0.457333 0.882000 0.914667
3 0.415000 0.053333 0.482000 0.074667
3 0.121000 0.300000 0.174000 0.408000
0 0.578000 0.613333 0.116000 0.192000