20 0.028000 0.634036 0.048000 0.045181
139 0.723000 0.614458 0.018000 0.066265
10 0.782000 0.912651 0.012000 0.018072
146 0.773000 0.340361 0.454000 0.120482
14 0.861000 0.965361 0.006000 0.045181
14 0.592000 0.885542 0.008000 0.042169
14 0.582000 0.882530 0.008000 0.042169
14 0.786000 0.978916 0.012000 0.030120
14 0.474000 0.909639 0.012000 0.042169
14 0.636000 0.930723 0.008000 0.042169
14 0.611000 0.882530 0.018000 0.054217
14 0.666000 0.917169 0.008000 0.045181
14 0.778000 0.981928 0.008000 0.030120
14 0.642000 0.932229 0.008000 0.039157
14 0.286000 0.944277 0.008000 0.039157
119 0.322000 0.810241 0.004000 0.018072
69 0.442000 0.694277 0.032000 0.015060
69 0.382000 0.835843 0.060000 0.039157
69 0.770000 0.536145 0.004000 0.018072
27 0.864000 0.938253 0.028000 0.099398
6 0.671000 0.891566 0.018000 0.090361
6 0.509000 0.962349 0.030000 0.075301
6 0.591000 0.855422 0.026000 0.096386
6 0.783000 0.951807 0.026000 0.096386
6 0.284000 0.918675 0.028000 0.096386
6 0.616000 0.865964 0.020000 0.081325
6 0.641000 0.906627 0.026000 0.090361
6 0.841000 0.948795 0.018000 0.102410
55 0.509000 0.795181 0.958000 0.391566
9 0.158000 0.603916 0.016000 0.015060
8 0.497000 0.174699 0.994000 0.349398
59 0.926000 0.409639 0.020000 0.006024
59 0.305000 0.775602 0.022000 0.027108
76 0.174000 0.918675 0.020000 0.036145
125 0.712000 0.615964 0.080000 0.099398