68 0.782000 0.776940 0.292000 0.437500
68 0.324000 0.576509 0.560000 0.506466
88 0.586000 0.835129 0.824000 0.325431
67 0.380000 0.570043 0.544000 0.855603
87 0.434000 0.682112 0.016000 0.019397
87 0.463000 0.809267 0.018000 0.023707
87 0.291000 0.807112 0.022000 0.019397
87 0.304000 0.869612 0.024000 0.023707
26 0.625000 0.230603 0.750000 0.461207
91 0.812000 0.682112 0.376000 0.627155
91 0.347000 0.683190 0.350000 0.620690
16 0.778000 0.576509 0.296000 0.411638
10 0.502000 0.261853 0.180000 0.239224
42 0.809000 0.771552 0.378000 0.409483
42 0.412000 0.471983 0.488000 0.357759
103 0.401000 0.806034 0.510000 0.379310
14 0.567000 0.809267 0.182000 0.372845
108 0.086000 0.909483 0.172000 0.056034
60 0.499000 0.503233 0.998000 0.153017