95 0.496997 0.567000 0.015015 0.010000
5 0.500000 0.643000 1.000000 0.578000
20 0.400901 0.966000 0.351351 0.068000
97 0.522523 0.397000 0.084084 0.070000
97 0.414414 0.400000 0.054054 0.072000
139 0.408408 0.506000 0.054054 0.092000
36 0.515015 0.396000 0.063063 0.052000
26 0.551051 0.948000 0.645646 0.080000
142 0.507508 0.403000 0.024024 0.022000
27 0.133634 0.960000 0.081081 0.080000
9 0.151652 0.657000 0.303303 0.430000
60 0.500000 0.970000 1.000000 0.056000
2 0.845345 0.827000 0.309309 0.194000
28 0.121622 0.707000 0.075075 0.062000
0 0.330330 0.966000 0.072072 0.036000
43 0.528529 0.538000 0.042042 0.104000
23 0.184685 0.735000 0.207207 0.214000
23 0.566066 0.954000 0.111111 0.088000