67 0.917000 0.505333 0.166000 0.210667
101 0.607000 0.205333 0.102000 0.144000
36 0.389000 0.045333 0.030000 0.074667
16 0.810000 0.414667 0.080000 0.146667
16 0.364000 0.074667 0.076000 0.149333
15 0.276000 0.450667 0.104000 0.117333
10 0.465000 0.328000 0.054000 0.096000
10 0.268000 0.485333 0.112000 0.144000
10 0.911000 0.468000 0.102000 0.130667
1 0.574000 0.338667 0.288000 0.410667
4 0.692000 0.878667 0.220000 0.242667
4 0.614000 0.312000 0.216000 0.250667
18 0.659000 0.652000 0.686000 0.536000
23 0.185000 0.245333 0.158000 0.400000
23 0.367000 0.202667 0.174000 0.405333