97 0.469333 0.478000 0.256000 0.192000
97 0.442667 0.595000 0.096000 0.074000
97 0.466667 0.439000 0.234667 0.206000
139 0.472000 0.339000 0.128000 0.062000
36 0.470667 0.475000 0.258667 0.190000
36 0.442667 0.598000 0.096000 0.076000
26 0.481333 0.836000 0.962667 0.304000
15 0.501333 0.433000 0.042667 0.050000
142 0.412000 0.500000 0.088000 0.052000
142 0.444000 0.608000 0.013333 0.036000
71 0.253333 0.269000 0.053333 0.094000
71 0.240000 0.408000 0.058667 0.104000
71 0.233333 0.548000 0.056000 0.108000
3 0.482667 0.500000 0.965333 1.000000
0 0.505333 0.077000 0.381333 0.154000
0 0.073333 0.100000 0.141333 0.200000