19 0.215000 0.339339 0.086000 0.060060
19 0.396000 0.549550 0.076000 0.072072
25 0.162000 0.420420 0.036000 0.030030
79 0.930000 0.723724 0.016000 0.024024
7 0.501000 0.854354 1.002000 0.285285
10 0.378000 0.584084 0.128000 0.207207
10 0.175000 0.448949 0.150000 0.327327
14 0.608000 0.726727 0.052000 0.258258
82 0.865000 0.722222 0.102000 0.315315
70 0.132000 0.588589 0.056000 0.054054
78 0.272000 0.421922 0.108000 0.225225
30 0.121000 0.569069 0.042000 0.069069
63 0.076000 0.822823 0.072000 0.150150
41 0.953000 0.516517 0.094000 0.192192
17 0.886000 0.174174 0.232000 0.348348
137 0.371000 0.567568 0.546000 0.642643
137 0.657000 0.605105 0.690000 0.615616