53 0.499000 0.500000 0.998000 1.000000
5 0.297000 0.268000 0.594000 0.536000
87 0.649000 0.514667 0.022000 0.021333
140 0.354000 0.613333 0.052000 0.042667
64 0.115000 0.878667 0.094000 0.237333
11 0.452000 0.809333 0.904000 0.381333
7 0.499000 0.764000 0.998000 0.472000
16 0.324000 0.309333 0.112000 0.101333
92 0.911000 0.698667 0.074000 0.144000
22 0.753000 0.336000 0.082000 0.090667
12 0.892000 0.542667 0.076000 0.210667
1 0.333000 0.544000 0.442000 0.565333
1 0.632000 0.513333 0.448000 0.589333
30 0.311000 0.406667 0.026000 0.029333
29 0.552000 0.894667 0.892000 0.205333
27 0.537000 0.522667 0.926000 0.954667
6 0.033000 0.624000 0.066000 0.288000
13 0.633000 0.113333 0.022000 0.226667
4 0.687000 0.590667 0.346000 0.477333
4 0.411000 0.500000 0.250000 0.312000
4 0.919000 0.652000 0.158000 0.589333
48 0.228000 0.768000 0.172000 0.096000
0 0.060000 0.228000 0.120000 0.184000