54 0.442000 0.553333 0.024000 0.088000
54 0.406000 0.565333 0.024000 0.085333
83 0.544000 0.516000 0.100000 0.114667
89 0.314000 0.688000 0.628000 0.304000
116 0.573000 0.538667 0.046000 0.106667
116 0.504000 0.538667 0.044000 0.096000
31 0.778000 0.918667 0.440000 0.157333
122 0.865000 0.185333 0.110000 0.216000
75 0.346000 0.164000 0.616000 0.328000
71 0.861000 0.189333 0.110000 0.218667
124 0.326000 0.704000 0.356000 0.138667
3 0.835000 0.448000 0.274000 0.896000
3 0.378000 0.498667 0.756000 0.997333