5 0.334000 0.195730 0.100000 0.334520
37 0.295000 0.199288 0.590000 0.398577
16 0.811000 0.208185 0.218000 0.373665
16 0.195000 0.562278 0.050000 0.142349
16 0.821000 0.209964 0.222000 0.384342
45 0.516000 0.441281 0.056000 0.071174
61 0.922000 0.763345 0.068000 0.074733
1 0.523000 0.546263 0.082000 0.252669
27 0.344000 0.592527 0.108000 0.252669
4 0.833000 0.686833 0.334000 0.612100
4 0.530000 0.583630 0.080000 0.163701
8 0.293000 0.197509 0.586000 0.395018
60 0.501000 0.688612 1.002000 0.615658
17 0.056000 0.398577 0.044000 0.142349
17 0.426000 0.419929 0.084000 0.120996
17 0.300000 0.391459 0.088000 0.071174
17 0.594000 0.425267 0.152000 0.209964
52 0.125000 0.373665 0.110000 0.747331
23 0.202000 0.571174 0.064000 0.167260