68 0.648000 0.686186 0.040000 0.093093
130 0.555000 0.606607 0.050000 0.078078
91 0.671000 0.373874 0.034000 0.099099
91 0.549000 0.639640 0.062000 0.192192
7 0.499000 0.561562 0.998000 0.870871
16 0.641000 0.756757 0.026000 0.048048
45 0.497000 0.442943 0.022000 0.027027
1 0.487000 0.519520 0.042000 0.180180
1 0.697000 0.603604 0.078000 0.198198
29 0.619000 0.902402 0.054000 0.087087
6 0.620000 0.840841 0.080000 0.222222
6 0.622000 0.836336 0.068000 0.207207
6 0.166000 0.270270 0.040000 0.150150
6 0.659000 0.262763 0.038000 0.165165
4 0.697000 0.588589 0.082000 0.090090