38 0.181818 0.688000 0.288770 0.180000
83 0.183155 0.424000 0.328877 0.408000
21 0.822193 0.107000 0.216578 0.210000
19 0.417112 0.466000 0.080214 0.056000
25 0.347594 0.518000 0.037433 0.024000
25 0.282086 0.509000 0.029412 0.030000
31 0.621658 0.287000 0.713904 0.210000
7 0.640374 0.280000 0.676471 0.196000
10 0.359626 0.491000 0.184492 0.182000
14 0.197861 0.710000 0.294118 0.168000
30 0.295455 0.540000 0.050802 0.040000
24 0.576203 0.254000 0.516043 0.088000
18 0.546791 0.176000 0.435829 0.232000
81 0.541444 0.103000 0.425134 0.046000
3 0.621658 0.097000 0.189840 0.194000