19 0.566066 0.179000 0.141141 0.078000
19 0.860360 0.188000 0.105105 0.072000
25 0.707207 0.219000 0.069069 0.026000
36 0.765766 0.248000 0.258258 0.228000
26 0.671171 0.835000 0.585586 0.290000
117 0.439940 0.867000 0.309309 0.222000
117 0.472973 0.527000 0.873874 0.902000
10 0.711712 0.223000 0.420420 0.286000
143 0.783784 0.117000 0.048048 0.074000
143 0.773273 0.161000 0.093093 0.074000
70 0.842342 0.331000 0.093093 0.054000
78 0.405405 0.420000 0.444444 0.396000
46 0.345345 0.515000 0.144144 0.082000
46 0.496997 0.414000 0.093093 0.084000
46 0.123123 0.818000 0.114114 0.072000
46 0.207207 0.824000 0.078078 0.084000
46 0.444444 0.380000 0.090090 0.076000
46 0.273273 0.459000 0.078078 0.078000
46 0.195195 0.708000 0.120120 0.068000
46 0.150150 0.763000 0.114114 0.066000
17 0.498498 0.503000 0.930931 0.958000