126 0.499000 0.145333 0.998000 0.290667
19 0.624000 0.264000 0.012000 0.021333
26 0.500000 0.384000 1.000000 0.218667
11 0.499000 0.529333 0.994000 0.925333
92 0.604000 0.236000 0.024000 0.034667
92 0.556000 0.220000 0.024000 0.024000
92 0.483000 0.222667 0.022000 0.024000
92 0.422000 0.222667 0.024000 0.029333
114 0.584000 0.365333 0.096000 0.224000
114 0.526000 0.372000 0.100000 0.184000
114 0.471000 0.338667 0.074000 0.197333
114 0.404000 0.365333 0.128000 0.229333
14 0.374000 0.441333 0.020000 0.072000
14 0.395000 0.412000 0.146000 0.125333
14 0.410000 0.429333 0.020000 0.085333
14 0.412000 0.438667 0.036000 0.114667
14 0.453000 0.408000 0.022000 0.090667
14 0.448000 0.405333 0.024000 0.080000
14 0.488000 0.401333 0.020000 0.082667
14 0.477000 0.401333 0.030000 0.072000
14 0.518000 0.394667 0.020000 0.112000
14 0.587000 0.410667 0.030000 0.085333
14 0.560000 0.422667 0.024000 0.066667
41 0.546000 0.372000 0.060000 0.072000
17 0.416000 0.125333 0.828000 0.245333