5 0.163174 0.276000 0.326347 0.552000
105 0.543413 0.471000 0.511976 0.490000
20 0.202096 0.592000 0.194611 0.080000
20 0.050898 0.606000 0.101796 0.120000
118 0.613772 0.618000 0.041916 0.036000
118 0.336826 0.620000 0.050898 0.036000
49 0.649701 0.781000 0.694611 0.434000
9 0.907186 0.530000 0.047904 0.124000
9 0.473054 0.403000 0.173653 0.018000
9 0.504491 0.367000 0.110778 0.046000
8 0.609281 0.213000 0.769461 0.422000
60 0.398204 0.804000 0.796407 0.384000
2 0.565868 0.162000 0.179641 0.160000
2 0.781437 0.166000 0.437126 0.332000
2 0.191617 0.213000 0.383234 0.426000
0 0.145210 0.290000 0.020958 0.060000
0 0.139222 0.396000 0.020958 0.080000
0 0.196108 0.113000 0.014970 0.042000
0 0.067365 0.388000 0.026946 0.080000
0 0.212575 0.409000 0.029940 0.070000