38 0.584000 0.600601 0.140000 0.210210
38 0.045000 0.501502 0.034000 0.090090
38 0.232000 0.596096 0.088000 0.189189
54 0.572000 0.840841 0.052000 0.228228
101 0.576000 0.743243 0.036000 0.033033
97 0.072000 0.243243 0.068000 0.096096
89 0.670000 0.876877 0.488000 0.240240
19 0.358000 0.433934 0.020000 0.057057
25 0.403000 0.444444 0.022000 0.024024
36 0.547000 0.483483 0.058000 0.126126
36 0.404000 0.463964 0.088000 0.153153
91 0.373000 0.669670 0.250000 0.660661
16 0.397000 0.405405 0.106000 0.126126
15 0.473000 0.773273 0.054000 0.069069
10 0.399000 0.439940 0.106000 0.195195
30 0.414000 0.466967 0.028000 0.039039
4 0.594000 0.633634 0.212000 0.276276
3 0.165000 0.307808 0.322000 0.399399
23 0.055000 0.555556 0.110000 0.390390
23 0.089000 0.528529 0.122000 0.336336