5 0.152318 0.539000 0.304636 0.374000
20 0.701987 0.680000 0.039735 0.068000
20 0.795806 0.667000 0.068433 0.058000
20 0.864238 0.660000 0.041943 0.040000
20 0.751656 0.673000 0.077263 0.066000
47 0.420530 0.767000 0.086093 0.134000
47 0.473510 0.641000 0.108168 0.134000
47 0.642384 0.623000 0.092715 0.150000
47 0.569536 0.761000 0.088300 0.146000
108 0.546358 0.931000 0.911700 0.122000
27 0.300221 0.667000 0.026490 0.054000
6 0.326711 0.666000 0.035320 0.052000
55 0.526490 0.863000 0.942605 0.270000
4 0.326711 0.661000 0.035320 0.026000
49 0.888521 0.708000 0.227373 0.068000
9 0.508830 0.315000 0.253863 0.238000
9 0.543046 0.773000 0.362031 0.446000
43 0.051876 0.622000 0.033113 0.112000