115 0.351000 0.858000 0.282000 0.156000
36 0.335000 0.109000 0.074000 0.122000
31 0.500000 0.735000 1.000000 0.526000
64 0.407000 0.877000 0.078000 0.082000
16 0.332000 0.050000 0.116000 0.076000
15 0.280000 0.200000 0.040000 0.040000
42 0.365000 0.335000 0.218000 0.378000
14 0.393000 0.684000 0.114000 0.344000
14 0.307000 0.657000 0.090000 0.294000
12 0.500000 0.751000 1.000000 0.490000
1 0.350000 0.468000 0.260000 0.900000
29 0.357000 0.640000 0.182000 0.424000
24 0.764000 0.898000 0.116000 0.144000
4 0.336000 0.292000 0.096000 0.296000
48 0.410000 0.873000 0.084000 0.078000
9 0.685000 0.063000 0.122000 0.118000
18 0.778000 0.595000 0.440000 0.294000
35 0.217000 0.857000 0.038000 0.046000