67 0.472000 0.558000 0.293333 0.456000
5 0.640000 0.164000 0.725333 0.328000
101 0.502667 0.363000 0.104000 0.062000
130 0.380000 0.281000 0.152000 0.182000
96 0.430667 0.199000 0.056000 0.026000
138 0.526667 0.593000 0.061333 0.050000
7 0.501333 0.640000 1.002667 0.712000
45 0.744000 0.252000 0.058667 0.044000
10 0.420000 0.197000 0.093333 0.078000
42 0.480000 0.478000 0.320000 0.196000
1 0.382667 0.371000 0.184000 0.426000
27 0.640000 0.287000 0.037333 0.058000
6 0.741333 0.322000 0.090667 0.184000
51 0.634667 0.087000 0.736000 0.174000
112 0.484000 0.743000 0.141333 0.094000
72 0.500000 0.642000 1.000000 0.716000
72 0.376000 0.135000 0.096000 0.050000
72 0.154667 0.160000 0.085333 0.060000
133 0.268000 0.882000 0.328000 0.164000
2 0.160000 0.158000 0.085333 0.068000
0 0.633333 0.143000 0.045333 0.050000