88 0.792781 0.476000 0.409091 0.360000
21 0.183155 0.132000 0.040107 0.164000
44 0.562834 0.610000 0.061497 0.072000
44 0.786096 0.238000 0.176471 0.132000
44 0.181818 0.450000 0.187166 0.136000
79 0.435829 0.246000 0.171123 0.116000
79 0.070856 0.258000 0.034759 0.032000
107 0.500000 0.499000 1.000000 0.998000
39 0.766043 0.771000 0.024064 0.026000
39 0.727273 0.671000 0.042781 0.018000
39 0.929144 0.781000 0.040107 0.018000
39 0.681818 0.693000 0.032086 0.014000
39 0.310160 0.643000 0.042781 0.074000
39 0.683155 0.674000 0.034759 0.020000
39 0.946524 0.661000 0.021390 0.018000
39 0.417112 0.342000 0.037433 0.032000
39 0.798128 0.340000 0.024064 0.032000
18 0.500000 0.663000 1.000000 0.670000
52 0.053476 0.106000 0.106952 0.212000
149 0.490642 0.760000 0.232620 0.272000
0 0.323529 0.058000 0.021390 0.064000
0 0.727273 0.063000 0.090909 0.114000
0 0.330214 0.182000 0.024064 0.068000
43 0.328877 0.126000 0.021390 0.060000