38 0.940000 0.093333 0.120000 0.186667
121 0.101000 0.480000 0.122000 0.165333
74 0.151000 0.622667 0.190000 0.136000
19 0.393000 0.824000 0.138000 0.138667
25 0.417000 0.649333 0.054000 0.114667
56 0.499000 0.498667 0.998000 0.992000
80 0.767000 0.024000 0.034000 0.048000
117 0.493000 0.508000 0.498000 0.765333
11 0.499000 0.498667 0.998000 0.997333
15 0.873000 0.037333 0.154000 0.074667
10 0.491000 0.509333 0.498000 0.757333
78 0.069000 0.517333 0.018000 0.053333
6 0.892000 0.090667 0.212000 0.181333