68 0.541000 0.462667 0.066000 0.109333
129 0.588000 0.936000 0.132000 0.122667
21 0.963000 0.409333 0.074000 0.120000
31 0.499000 0.720000 0.998000 0.560000
102 0.475000 0.432000 0.102000 0.213333
14 0.078000 0.856000 0.028000 0.165333
71 0.817000 0.448000 0.010000 0.016000
93 0.533000 0.570667 0.126000 0.096000
18 0.470000 0.588000 0.128000 0.184000
145 0.836000 0.382667 0.020000 0.045333
149 0.484000 0.836000 0.088000 0.109333
149 0.185000 0.840000 0.074000 0.101333
3 0.446000 0.358667 0.892000 0.706667
0 0.954000 0.260000 0.088000 0.130667