38 0.153000 0.391234 0.046000 0.139610
15 0.274000 0.511364 0.028000 0.055195
45 0.410000 0.329545 0.052000 0.068182
45 0.862000 0.191558 0.052000 0.058442
10 0.406000 0.327922 0.044000 0.064935
10 0.610000 0.334416 0.048000 0.077922
10 0.210000 0.274351 0.036000 0.081169
14 0.395000 0.738636 0.046000 0.237013
1 0.406000 0.556818 0.176000 0.633117
1 0.591000 0.537338 0.146000 0.561688
65 0.400000 0.465909 0.024000 0.061688
29 0.872000 0.500000 0.084000 0.253247
29 0.598000 0.654221 0.084000 0.301948
29 0.377000 0.702922 0.106000 0.334416
6 0.202000 0.491883 0.160000 0.522727