5 0.503077 0.500000 1.000000 0.996000
36 0.380000 0.715000 0.132308 0.098000
140 0.235385 0.556000 0.052308 0.052000
122 0.790769 0.474000 0.418462 0.528000
57 0.820000 0.377000 0.366154 0.286000
16 0.390769 0.695000 0.184615 0.134000
15 0.204615 0.571000 0.120000 0.082000
10 0.381538 0.702000 0.160000 0.148000
47 0.061538 0.115000 0.018462 0.030000
47 0.147692 0.114000 0.030769 0.036000
47 0.178462 0.109000 0.036923 0.034000
47 0.186154 0.065000 0.033846 0.034000
47 0.084615 0.114000 0.027692 0.024000
47 0.150769 0.066000 0.049231 0.040000
1 0.443077 0.766000 0.652308 0.464000
30 0.375385 0.720000 0.036923 0.032000
65 0.044615 0.583000 0.021538 0.018000
65 0.046154 0.199000 0.012308 0.022000
9 0.067692 0.200000 0.080000 0.028000
9 0.189231 0.094000 0.304615 0.140000
3 0.500000 0.500000 1.000000 0.996000
0 0.815385 0.367000 0.369231 0.278000