31 0.784000 0.618000 0.428000 0.256000
64 0.849000 0.714000 0.154000 0.244000
122 0.521000 0.073000 0.078000 0.086000
103 0.583000 0.873000 0.690000 0.250000
82 0.572000 0.897000 0.664000 0.202000
71 0.519000 0.071000 0.050000 0.054000
50 0.562000 0.284000 0.112000 0.140000
50 0.457000 0.241000 0.098000 0.090000
50 0.744000 0.515000 0.124000 0.078000
50 0.844000 0.498000 0.124000 0.076000
50 0.656000 0.249000 0.128000 0.130000
50 0.929000 0.389000 0.138000 0.142000
50 0.902000 0.284000 0.152000 0.156000
50 0.865000 0.170000 0.150000 0.156000
50 0.840000 0.094000 0.144000 0.104000
50 0.940000 0.476000 0.112000 0.076000
3 0.097000 0.259000 0.194000 0.510000
23 0.613000 0.794000 0.766000 0.408000