88 0.903000 0.848397 0.190000 0.297376
37 0.479000 0.160350 0.958000 0.320700
21 0.093000 0.615160 0.146000 0.763848
40 0.446000 0.725948 0.300000 0.542274
13 0.110000 0.708455 0.028000 0.571429
13 0.765000 0.311953 0.038000 0.623907
98 0.954000 0.483965 0.088000 0.384840
109 0.925000 0.841108 0.146000 0.166181
109 0.868000 0.759475 0.116000 0.125364
109 0.885000 0.784257 0.126000 0.134111
109 0.931000 0.922741 0.134000 0.090379
109 0.942000 0.957726 0.112000 0.078717
9 0.692000 0.294461 0.044000 0.034985
9 0.851000 0.288630 0.022000 0.023324
8 0.478000 0.166181 0.956000 0.332362
94 0.267000 0.520408 0.534000 0.959184
2 0.404000 0.230321 0.188000 0.198251
17 0.544000 0.365889 0.092000 0.183673
0 0.248000 0.529155 0.060000 0.241983