100 0.185000 0.446667 0.258000 0.205333
117 0.681000 0.364000 0.390000 0.546667
117 0.555000 0.413333 0.298000 0.544000
117 0.346000 0.480000 0.544000 0.837333
7 0.557000 0.714667 0.878000 0.560000
10 0.137000 0.142667 0.126000 0.162667
10 0.524000 0.144000 0.076000 0.101333
10 0.435000 0.180000 0.070000 0.082667
22 0.156000 0.449333 0.016000 0.034667
14 0.650000 0.553333 0.044000 0.221333
78 0.628000 0.190667 0.144000 0.125333
78 0.511000 0.266667 0.090000 0.176000
63 0.499000 0.544000 0.998000 0.906667
46 0.734000 0.294667 0.024000 0.045333
46 0.235000 0.194667 0.038000 0.037333
46 0.513000 0.392000 0.034000 0.058667
46 0.399000 0.266667 0.030000 0.053333
46 0.359000 0.397333 0.022000 0.080000
46 0.483000 0.382667 0.030000 0.040000
46 0.607000 0.368000 0.018000 0.032000
41 0.869000 0.417333 0.030000 0.253333
2 0.162000 0.093333 0.272000 0.186667
84 0.025000 0.080000 0.022000 0.154667
3 0.499000 0.548000 0.998000 0.904000