38 0.798667 0.234000 0.248000 0.092000
88 0.612000 0.147000 0.626667 0.294000
88 0.820000 0.454000 0.354667 0.388000
95 0.148000 0.847000 0.136000 0.194000
95 0.258667 0.673000 0.117333 0.158000
95 0.456000 0.554000 0.090667 0.128000
95 0.564000 0.853000 0.120000 0.190000
95 0.280000 0.534000 0.101333 0.128000
74 0.404000 0.745000 0.045333 0.074000
74 0.521333 0.248000 0.072000 0.052000
7 0.500000 0.499000 1.000000 0.998000
82 0.384000 0.063000 0.101333 0.126000
108 0.178667 0.411000 0.053333 0.122000
34 0.734667 0.582000 0.194667 0.148000
13 0.776000 0.540000 0.160000 0.132000
48 0.368000 0.735000 0.149333 0.226000
49 0.497333 0.497000 0.994667 0.994000