74 0.499000 0.923423 0.998000 0.105105
21 0.752000 0.442943 0.020000 0.045045
21 0.278000 0.454955 0.024000 0.057057
26 0.499000 0.851351 0.998000 0.285285
7 0.498000 0.903904 0.996000 0.186186
62 0.483000 0.765766 0.142000 0.024024
62 0.405000 0.855856 0.022000 0.288288
62 0.255000 0.851351 0.034000 0.291291
62 0.180000 0.761261 0.148000 0.021021
62 0.332000 0.762763 0.140000 0.024024
62 0.106000 0.852853 0.028000 0.288288
62 0.050000 0.756757 0.100000 0.018018
8 0.499000 0.421922 0.998000 0.843844
41 0.245000 0.321321 0.182000 0.210210
43 0.794000 0.433934 0.016000 0.021021