144 0.190000 0.689000 0.076000 0.058000
144 0.126000 0.693000 0.076000 0.058000
139 0.606000 0.784000 0.228000 0.420000
19 0.840000 0.139000 0.064000 0.166000
19 0.327000 0.218000 0.054000 0.100000
96 0.619000 0.192000 0.382000 0.224000
16 0.313000 0.148000 0.262000 0.248000
16 0.646000 0.080000 0.452000 0.160000
15 0.166000 0.349000 0.104000 0.162000
15 0.305000 0.764000 0.210000 0.148000
15 0.482000 0.939000 0.356000 0.118000
10 0.315000 0.187000 0.310000 0.326000
10 0.649000 0.239000 0.474000 0.478000
1 0.590000 0.499000 0.816000 0.998000
1 0.347000 0.453000 0.458000 0.870000
30 0.187000 0.228000 0.046000 0.072000
30 0.599000 0.266000 0.098000 0.116000
34 0.150000 0.726000 0.264000 0.136000
34 0.202000 0.876000 0.404000 0.244000
4 0.425000 0.470000 0.314000 0.500000
4 0.745000 0.629000 0.506000 0.738000
3 0.157000 0.315000 0.314000 0.314000