68 0.843112 0.236000 0.038265 0.056000
20 0.390306 0.553000 0.780612 0.194000
20 0.334184 0.846000 0.668367 0.240000
20 0.336735 0.128000 0.673469 0.192000
20 0.362245 0.281000 0.724490 0.154000
20 0.594388 0.960000 0.806122 0.084000
56 0.498724 0.499000 0.997449 0.998000
15 0.841837 0.219000 0.020408 0.014000
1 0.826531 0.268000 0.122449 0.220000
29 0.826531 0.305000 0.071429 0.130000
4 0.827806 0.217000 0.109694 0.090000
48 0.836735 0.367000 0.020408 0.014000
112 0.808673 0.353000 0.030612 0.030000
141 0.816327 0.906000 0.147959 0.016000
125 0.461735 0.937000 0.923469 0.122000
52 0.839286 0.160000 0.198980 0.108000
0 0.640306 0.556000 0.193878 0.084000