11 0.955142 0.986000 0.089716 0.024000
7 0.609409 0.971000 0.785558 0.054000
13 0.099562 0.731000 0.045952 0.534000
62 0.199125 0.498000 0.100656 0.996000
55 0.507659 0.974000 0.516411 0.044000
24 0.526258 0.959000 0.264770 0.046000
9 0.447484 0.591000 0.444201 0.566000
9 0.544858 0.890000 0.039387 0.028000
8 0.509847 0.336000 0.568928 0.672000
2 0.330416 0.891000 0.091904 0.122000
2 0.376368 0.839000 0.175055 0.142000
2 0.477024 0.878000 0.153173 0.108000
104 0.445295 0.739000 0.347921 0.062000