53 0.500000 0.500000 1.000000 1.000000
129 0.042000 0.492000 0.052000 0.045333
139 0.707000 0.584000 0.054000 0.037333
139 0.522000 0.784000 0.096000 0.074667
139 0.459000 0.541333 0.074000 0.042667
139 0.601000 0.740000 0.078000 0.050667
139 0.683000 0.696000 0.082000 0.058667
139 0.444000 0.716000 0.080000 0.061333
139 0.272000 0.532000 0.080000 0.034667
139 0.450000 0.718667 0.080000 0.056000
139 0.500000 0.576000 0.084000 0.053333
139 0.577000 0.564000 0.118000 0.061333
99 0.391000 0.849333 0.078000 0.125333
102 0.035000 0.370667 0.070000 0.197333
75 0.902000 0.237333 0.196000 0.474667
93 0.572000 0.309333 0.272000 0.128000
3 0.372000 0.346667 0.744000 0.693333