5 0.501337 0.110000 0.189840 0.136000
5 0.790107 0.185000 0.409091 0.366000
105 0.338235 0.188000 0.189840 0.140000
16 0.649733 0.178000 0.026738 0.024000
92 0.477273 0.174000 0.045455 0.028000
12 0.481283 0.261000 0.032086 0.026000
12 0.098930 0.325000 0.069519 0.030000
108 0.354278 0.595000 0.098930 0.146000
1 0.475936 0.209000 0.096257 0.098000
6 0.651070 0.218000 0.061497 0.112000
13 0.645722 0.139000 0.024064 0.102000
62 0.561497 0.128000 0.021390 0.144000
55 0.498663 0.589000 0.997326 0.818000
49 0.759358 0.600000 0.475936 0.796000
9 0.639037 0.128000 0.026738 0.024000
60 0.406417 0.597000 0.812834 0.802000
0 0.803476 0.150000 0.093583 0.176000
43 0.973262 0.162000 0.048128 0.204000
43 0.959893 0.163000 0.064171 0.190000
43 0.716578 0.154000 0.053476 0.140000
43 0.502674 0.146000 0.026738 0.024000