127 0.318000 0.226542 0.036000 0.093834
45 0.827000 0.579088 0.054000 0.058981
10 0.828000 0.585791 0.052000 0.056300
14 0.350000 0.626005 0.036000 0.077748
47 0.857000 0.430295 0.014000 0.018767
108 0.241000 0.588472 0.266000 0.184987
108 0.652000 0.561662 0.584000 0.238606
1 0.814000 0.743968 0.116000 0.383378
1 0.362000 0.592493 0.100000 0.182306
29 0.819000 0.825737 0.094000 0.203753
27 0.955000 0.378016 0.022000 0.053619
6 0.307000 0.407507 0.022000 0.064343
13 0.331000 0.249330 0.018000 0.075067
24 0.892000 0.856568 0.200000 0.136729
4 0.376000 0.573727 0.052000 0.075067
4 0.823000 0.686327 0.082000 0.144772
4 0.306000 0.399464 0.016000 0.021448
66 0.221000 0.430295 0.022000 0.018767
2 0.830000 0.237265 0.108000 0.099196