128 0.140000 0.825333 0.168000 0.280000
5 0.318000 0.405333 0.548000 0.810667
37 0.828000 0.052000 0.340000 0.104000
21 0.158000 0.645333 0.164000 0.165333
19 0.204000 0.916000 0.036000 0.093333
36 0.533000 0.808000 0.030000 0.069333
36 0.448000 0.589333 0.120000 0.234667
140 0.934000 0.478667 0.036000 0.066667
127 0.158000 0.633333 0.116000 0.098667
122 0.413000 0.188000 0.154000 0.258667
16 0.134000 0.830667 0.180000 0.296000
16 0.887000 0.809333 0.226000 0.376000
16 0.342000 0.910667 0.276000 0.168000
15 0.949000 0.532000 0.070000 0.178667
10 0.140000 0.838667 0.176000 0.296000
10 0.886000 0.809333 0.228000 0.376000
10 0.498000 0.910667 0.108000 0.146667
22 0.648000 0.206667 0.004000 0.008000
47 0.184000 0.480000 0.020000 0.032000
12 0.594000 0.528000 0.044000 0.058667
6 0.139000 0.840000 0.170000 0.314667
6 0.532000 0.870667 0.096000 0.248000
6 0.481000 0.601333 0.494000 0.605333
6 0.116000 0.654667 0.040000 0.066667
6 0.886000 0.806667 0.224000 0.376000
13 0.579000 0.630667 0.042000 0.061333
9 0.675000 0.529333 0.070000 0.093333
8 0.813000 0.162667 0.370000 0.325333
2 0.643000 0.126667 0.122000 0.253333
3 0.326000 0.366667 0.552000 0.733333
0 0.419000 0.222667 0.038000 0.136000
23 0.439000 0.833333 0.090000 0.136000
104 0.226000 0.481333 0.136000 0.034667