5 0.162722 0.361000 0.106509 0.118000
5 0.897929 0.308000 0.162722 0.200000
73 0.109467 0.925000 0.195266 0.130000
73 0.841716 0.691000 0.281065 0.362000
13 0.770710 0.453000 0.020710 0.154000
9 0.332840 0.283000 0.133136 0.050000
8 0.508876 0.168000 0.964497 0.312000
94 0.386095 0.735000 0.760355 0.358000
94 0.436391 0.651000 0.795858 0.194000
0 0.847633 0.167000 0.020710 0.014000
0 0.309172 0.729000 0.044379 0.038000
0 0.869822 0.150000 0.017751 0.012000
0 0.110947 0.808000 0.032544 0.044000
0 0.869822 0.186000 0.017751 0.012000
0 0.310651 0.734000 0.047337 0.044000
0 0.726331 0.597000 0.026627 0.022000
0 0.492604 0.665000 0.050296 0.038000
0 0.426036 0.689000 0.041420 0.042000
0 0.684911 0.603000 0.026627 0.026000
0 0.847633 0.202000 0.020710 0.012000
0 0.912722 0.151000 0.020710 0.010000
0 0.424556 0.686000 0.032544 0.024000
0 0.557692 0.645000 0.038462 0.030000