95 0.549000 0.936000 0.050000 0.037333
5 0.324000 0.253333 0.368000 0.234667
45 0.098000 0.436000 0.056000 0.050667
10 0.658000 0.418667 0.024000 0.037333
114 0.308000 0.558667 0.324000 0.349333
14 0.182000 0.616000 0.020000 0.101333
14 0.161000 0.618667 0.030000 0.112000
1 0.124000 0.597333 0.160000 0.373333
55 0.499000 0.752000 0.998000 0.485333
109 0.775000 0.492000 0.110000 0.136000
4 0.113000 0.512000 0.142000 0.122667
9 0.377000 0.172000 0.146000 0.072000
35 0.719000 0.604000 0.082000 0.077333
35 0.588000 0.629333 0.132000 0.181333
35 0.848000 0.572000 0.108000 0.194667
0 0.847000 0.141333 0.026000 0.042667
23 0.978000 0.470667 0.040000 0.136000