20 0.205000 0.695946 0.154000 0.337838
20 0.563000 0.481982 0.594000 0.738739
58 0.048000 0.101351 0.028000 0.040541
37 0.094000 0.042793 0.188000 0.085586
37 0.878000 0.369369 0.244000 0.378378
37 0.237000 0.477477 0.474000 0.648649
21 0.545000 0.394144 0.074000 0.373874
57 0.624000 0.220721 0.084000 0.099099
57 0.690000 0.225225 0.064000 0.099099
11 0.264000 0.914414 0.308000 0.162162
12 0.603000 0.218468 0.034000 0.031532
12 0.828000 0.504505 0.024000 0.027027
12 0.694000 0.468468 0.040000 0.063063
12 0.750000 0.319820 0.052000 0.072072
12 0.757000 0.238739 0.046000 0.081081
8 0.498000 0.400901 0.996000 0.801802
94 0.442000 0.488739 0.844000 0.752252
35 0.530000 0.833333 0.032000 0.027027
0 0.229000 0.662162 0.022000 0.054054
0 0.220000 0.662162 0.016000 0.045045
0 0.047000 0.813063 0.010000 0.022523
0 0.623000 0.220721 0.094000 0.108108
0 0.514000 0.306306 0.020000 0.117117
0 0.198000 0.677928 0.012000 0.040541
0 0.178000 0.698198 0.008000 0.045045
0 0.541000 0.277027 0.030000 0.103604
0 0.691000 0.222973 0.070000 0.085586
0 0.070000 0.804054 0.012000 0.022523
0 0.191000 0.682432 0.010000 0.040541
43 0.163000 0.704955 0.014000 0.040541
43 0.740000 0.229730 0.076000 0.108108