86 0.781000 0.511509 0.214000 0.240409
116 0.673000 0.849105 0.174000 0.286445
140 0.325000 0.327366 0.030000 0.071611
140 0.470000 0.369565 0.080000 0.089514
140 0.581000 0.445013 0.054000 0.148338
140 0.536000 0.387468 0.044000 0.099744
140 0.553000 0.456522 0.050000 0.166240
140 0.108000 0.328645 0.048000 0.079284
140 0.044000 0.283887 0.040000 0.138107
15 0.076000 0.268542 0.108000 0.199488
15 0.527000 0.407928 0.190000 0.263427
15 0.349000 0.315857 0.134000 0.324808
6 0.467000 0.273657 0.622000 0.547315
34 0.764000 0.594629 0.316000 0.360614
34 0.065000 0.359335 0.130000 0.084399
18 0.502000 0.679028 0.996000 0.636829