86 0.758000 0.635000 0.344000 0.290000
86 0.441000 0.469000 0.462000 0.334000
83 0.518000 0.222000 0.768000 0.400000
80 0.556000 0.803000 0.368000 0.346000
80 0.710000 0.114000 0.384000 0.188000
80 0.474000 0.160000 0.320000 0.180000
119 0.512000 0.349000 0.016000 0.026000
119 0.500000 0.349000 0.016000 0.026000
119 0.435000 0.341000 0.018000 0.026000
119 0.411000 0.331000 0.026000 0.026000
61 0.712000 0.420000 0.152000 0.120000
111 0.574000 0.217000 0.644000 0.390000
34 0.497000 0.714000 0.950000 0.520000
34 0.907000 0.485000 0.134000 0.286000
18 0.498000 0.641000 0.956000 0.670000