38 0.603916 0.282000 0.153614 0.132000
38 0.234940 0.375000 0.114458 0.286000
36 0.480422 0.152000 0.111446 0.124000
140 0.475904 0.258000 0.048193 0.016000
64 0.371988 0.873000 0.153614 0.062000
64 0.500000 0.929000 0.096386 0.078000
7 0.500000 0.722000 1.000000 0.556000
14 0.441265 0.741000 0.171687 0.342000
1 0.430723 0.523000 0.512048 0.890000
29 0.451807 0.698000 0.295181 0.432000
24 0.507530 0.971000 0.069277 0.046000
4 0.456325 0.358000 0.280120 0.288000
48 0.500000 0.930000 0.096386 0.076000
48 0.370482 0.870000 0.144578 0.060000
49 0.500000 0.569000 1.000000 0.250000
60 0.500000 0.806000 1.000000 0.384000
141 0.319277 0.119000 0.030120 0.066000
0 0.189759 0.186000 0.289157 0.332000