134 0.457000 0.658000 0.558000 0.620000
74 0.675000 0.075000 0.174000 0.030000
19 0.564000 0.423000 0.060000 0.070000
19 0.705000 0.431000 0.066000 0.066000
25 0.610000 0.466000 0.032000 0.028000
36 0.650000 0.484000 0.128000 0.216000
56 0.500000 0.528000 0.996000 0.944000
11 0.501000 0.488000 0.994000 0.336000
10 0.637000 0.477000 0.198000 0.242000
146 0.501000 0.251000 1.002000 0.390000
14 0.241000 0.749000 0.066000 0.262000
14 0.319000 0.796000 0.074000 0.212000
14 0.538000 0.794000 0.096000 0.256000
14 0.419000 0.775000 0.074000 0.278000
30 0.694000 0.572000 0.048000 0.044000
24 0.674000 0.848000 0.656000 0.216000
8 0.502000 0.063000 1.000000 0.126000