36 0.731000 0.331325 0.050000 0.060241
138 0.652000 0.438253 0.048000 0.075301
15 0.653000 0.436747 0.058000 0.072289
92 0.735000 0.262048 0.082000 0.102410
146 0.502000 0.683735 1.000000 0.626506
42 0.734000 0.426205 0.224000 0.213855
22 0.064000 0.111446 0.048000 0.072289
61 0.732000 0.296687 0.024000 0.015060
1 0.733000 0.370482 0.222000 0.319277
70 0.735000 0.347892 0.030000 0.009036
13 0.494000 0.545181 0.372000 0.253012
72 0.501000 0.572289 1.002000 0.849398
72 0.288000 0.049699 0.064000 0.099398
72 0.070000 0.596386 0.084000 0.156627
17 0.138000 0.478916 0.276000 0.957831