100 0.337000 0.298667 0.010000 0.176000
5 0.698000 0.482667 0.528000 0.133333
130 0.556000 0.402667 0.100000 0.106667
7 0.500000 0.765333 0.996000 0.464000
45 0.556000 0.336000 0.024000 0.026667
45 0.496000 0.353333 0.020000 0.018667
29 0.546000 0.490667 0.052000 0.101333
29 0.485000 0.497333 0.034000 0.077333
6 0.494000 0.441333 0.084000 0.194667
6 0.557000 0.432000 0.090000 0.218667
48 0.533000 0.533333 0.018000 0.021333
8 0.500000 0.270667 0.996000 0.536000
72 0.500000 0.762667 0.996000 0.469333
133 0.140000 0.693333 0.244000 0.314667
2 0.337000 0.366667 0.322000 0.349333
17 0.813000 0.290667 0.370000 0.512000