5 0.343000 0.229607 0.078000 0.096677
73 0.112000 0.557402 0.224000 0.323263
20 0.671000 0.436556 0.102000 0.172205
56 0.306000 0.558912 0.612000 0.422961
118 0.356000 0.654079 0.028000 0.039275
131 0.881000 0.930514 0.034000 0.054381
8 0.498000 0.111782 0.996000 0.223565
133 0.691000 0.643505 0.610000 0.706949
94 0.552000 0.545317 0.624000 0.468278
2 0.319000 0.320242 0.094000 0.102719
17 0.687000 0.229607 0.194000 0.271903
0 0.620000 0.463746 0.020000 0.057402
0 0.705000 0.419940 0.010000 0.042296
0 0.482000 0.531722 0.016000 0.060423
0 0.726000 0.406344 0.012000 0.039275
0 0.497000 0.519637 0.018000 0.072508
0 0.524000 0.507553 0.016000 0.066465
0 0.458000 0.540785 0.028000 0.072508
43 0.682000 0.432024 0.016000 0.048338