53 0.501000 0.496988 1.002000 0.993976
67 0.708000 0.435241 0.132000 0.509036
101 0.121000 0.191265 0.042000 0.039157
116 0.292000 0.290663 0.024000 0.051205
74 0.501000 0.611446 1.002000 0.765060
31 0.501000 0.609940 1.002000 0.774096
7 0.501000 0.608434 1.002000 0.777108
15 0.290000 0.310241 0.024000 0.030120
45 0.706000 0.195783 0.048000 0.030120
107 0.801000 0.099398 0.170000 0.198795
103 0.129000 0.471386 0.090000 0.189759
1 0.872000 0.549699 0.220000 0.822289
1 0.310000 0.399096 0.136000 0.490964
6 0.447000 0.432229 0.142000 0.448795
4 0.876000 0.427711 0.208000 0.379518
4 0.444000 0.349398 0.088000 0.150602
4 0.700000 0.344880 0.104000 0.207831
66 0.867000 0.691265 0.106000 0.195783
17 0.403000 0.123494 0.090000 0.204819
0 0.768000 0.081325 0.020000 0.036145