5 0.697000 0.334835 0.602000 0.201201
26 0.499000 0.507508 0.998000 0.228228
138 0.565000 0.363363 0.026000 0.036036
7 0.499000 0.753754 0.998000 0.486486
15 0.564000 0.363363 0.024000 0.036036
45 0.536000 0.229730 0.040000 0.057057
1 0.512000 0.376877 0.160000 0.411411
29 0.510000 0.445946 0.136000 0.177177
13 0.109000 0.255255 0.030000 0.318318
51 0.684000 0.304805 0.576000 0.141141
8 0.498000 0.204204 0.996000 0.408408
72 0.499000 0.753754 0.998000 0.486486
2 0.272000 0.309309 0.196000 0.210210
0 0.683000 0.367868 0.034000 0.075075