88 0.500000 0.497333 0.916000 0.194667
100 0.311000 0.121333 0.150000 0.216000
56 0.501000 0.676000 0.998000 0.648000
11 0.498000 0.680000 0.996000 0.640000
7 0.501000 0.670667 1.002000 0.658667
107 0.252000 0.325333 0.052000 0.058667
39 0.500000 0.797333 1.000000 0.405333
14 0.131000 0.560000 0.038000 0.053333
14 0.161000 0.552000 0.034000 0.032000
14 0.443000 0.562667 0.034000 0.053333
14 0.585000 0.564000 0.038000 0.050667
14 0.244000 0.561333 0.036000 0.050667
24 0.685000 0.605333 0.226000 0.053333
8 0.500000 0.172000 1.000000 0.344000
17 0.500000 0.202667 1.000000 0.405333
28 0.357000 0.382667 0.714000 0.045333