68 0.894000 0.698198 0.032000 0.111111
5 0.500000 0.439940 1.000000 0.879880
105 0.575000 0.671171 0.654000 0.495495
105 0.158000 0.690691 0.212000 0.342342
65 0.721000 0.863363 0.026000 0.021021
34 0.717000 0.863363 0.042000 0.027027
4 0.869000 0.672673 0.050000 0.066066
66 0.869000 0.728228 0.030000 0.045045
9 0.759000 0.767267 0.046000 0.027027
9 0.411000 0.165165 0.126000 0.324324
9 0.707000 0.504505 0.154000 0.036036
0 0.274000 0.285285 0.080000 0.264264
0 0.159000 0.318318 0.026000 0.090090
23 0.867000 0.732733 0.046000 0.246246