36 0.340000 0.770270 0.020000 0.033033
36 0.590000 0.181682 0.064000 0.099099
36 0.681000 0.515015 0.018000 0.033033
36 0.973000 0.827327 0.018000 0.027027
36 0.755000 0.852853 0.018000 0.048048
36 0.473000 0.878378 0.022000 0.039039
56 0.500000 0.548048 1.000000 0.897898
117 0.513000 0.430931 0.270000 0.639640
11 0.164000 0.439940 0.276000 0.273273
11 0.856000 0.492492 0.280000 0.240240
11 0.214000 0.496997 0.152000 0.153153
11 0.500000 0.478979 1.000000 0.759760
7 0.218000 0.487988 0.436000 0.741742
7 0.812000 0.477477 0.376000 0.756757
8 0.499000 0.042042 0.998000 0.084084
17 0.812000 0.226727 0.372000 0.333333
17 0.274000 0.192192 0.548000 0.288288
28 0.499000 0.863363 0.998000 0.273273