20 0.471000 0.598667 0.098000 0.146667
11 0.499000 0.578667 0.998000 0.277333
7 0.499000 0.761333 0.998000 0.466667
107 0.138000 0.517333 0.064000 0.042667
107 0.057000 0.517333 0.090000 0.042667
107 0.119000 0.486667 0.046000 0.024000
108 0.492000 0.850667 0.200000 0.282667
13 0.700000 0.633333 0.020000 0.098667
13 0.746000 0.342667 0.060000 0.685333
55 0.499000 0.817333 0.998000 0.365333
9 0.705000 0.561333 0.082000 0.061333
8 0.499000 0.190667 0.998000 0.381333
141 0.319000 0.821333 0.638000 0.346667
76 0.439000 0.653333 0.030000 0.032000
76 0.502000 0.654667 0.020000 0.034667
17 0.827000 0.266667 0.342000 0.533333
0 0.469000 0.560000 0.050000 0.026667