20 0.501000 0.498667 0.994000 0.997333
139 0.679000 0.356000 0.322000 0.125333
106 0.474000 0.568000 0.180000 0.426667
106 0.471000 0.556000 0.170000 0.392000
19 0.462000 0.434667 0.052000 0.069333
25 0.509000 0.428000 0.034000 0.029333
25 0.542000 0.418667 0.020000 0.026667
122 0.500000 0.322667 1.000000 0.645333
57 0.491000 0.538667 0.982000 0.928000
118 0.158000 0.508000 0.020000 0.045333
40 0.722000 0.493333 0.020000 0.432000
75 0.289000 0.604000 0.066000 0.077333
75 0.299000 0.610667 0.070000 0.112000
78 0.488000 0.512000 0.092000 0.042667
9 0.344000 0.452000 0.428000 0.578667
3 0.672000 0.430667 0.656000 0.605333
0 0.167000 0.477333 0.334000 0.197333