54 0.387000 0.425333 0.030000 0.077333
144 0.460000 0.450667 0.148000 0.106667
144 0.582000 0.450667 0.132000 0.106667
144 0.380000 0.489333 0.032000 0.034667
89 0.477000 0.602667 0.462000 0.176000
89 0.477000 0.825333 0.546000 0.349333
89 0.576000 0.405333 0.132000 0.117333
89 0.589000 0.333333 0.090000 0.032000
80 0.614000 0.520000 0.136000 0.042667
80 0.478000 0.512000 0.152000 0.058667
138 0.302000 0.516000 0.108000 0.082667
45 0.813000 0.049333 0.146000 0.098667
45 0.391000 0.182667 0.058000 0.056000
42 0.520000 0.294667 0.044000 0.098667
42 0.144000 0.522667 0.288000 0.560000
42 0.388000 0.324000 0.104000 0.210667
1 0.850000 0.373333 0.300000 0.746667
9 0.571000 0.696000 0.018000 0.058667
9 0.530000 0.714667 0.020000 0.037333
9 0.427000 0.894667 0.030000 0.109333
9 0.473000 0.550667 0.026000 0.040000
9 0.689000 0.512000 0.018000 0.021333
9 0.479000 0.496000 0.018000 0.032000
9 0.650000 0.524000 0.016000 0.024000
9 0.630000 0.525333 0.020000 0.026667
9 0.501000 0.665333 0.018000 0.056000
9 0.486000 0.472000 0.020000 0.026667
9 0.437000 0.478667 0.022000 0.029333
9 0.403000 0.618667 0.018000 0.037333
9 0.215000 0.190667 0.026000 0.098667
9 0.685000 0.608000 0.010000 0.048000
9 0.417000 0.488000 0.022000 0.026667