54 0.153000 0.756798 0.054000 0.196375
123 0.184000 0.214502 0.092000 0.217523
89 0.501000 0.790030 1.002000 0.407855
80 0.036000 0.566465 0.032000 0.099698
57 0.046000 0.856495 0.076000 0.202417
96 0.376000 0.554381 0.036000 0.093656
96 0.196000 0.228097 0.032000 0.148036
15 0.440000 0.725076 0.068000 0.078550
143 0.667000 0.496979 0.014000 0.021148
1 0.406000 0.572508 0.232000 0.564955
4 0.413000 0.549849 0.202000 0.338369
4 0.771000 0.543807 0.122000 0.199396
124 0.628000 0.885196 0.412000 0.151057
23 0.766000 0.598187 0.152000 0.441088
23 0.140000 0.617825 0.236000 0.389728