73 0.473000 0.643713 0.318000 0.329341
73 0.232000 0.732036 0.104000 0.140719
37 0.500000 0.276946 1.000000 0.553892
19 0.629000 0.497006 0.166000 0.257485
110 0.635000 0.679641 0.702000 0.640719
110 0.938000 0.738024 0.120000 0.218563
25 0.493000 0.483533 0.014000 0.014970
11 0.502000 0.965569 0.996000 0.062874
10 0.430000 0.580838 0.296000 0.443114
14 0.649000 0.802395 0.086000 0.329341
14 0.674000 0.850299 0.036000 0.185629
14 0.922000 0.853293 0.060000 0.167665
82 0.963000 0.845808 0.042000 0.170659
30 0.294000 0.787425 0.020000 0.029940
63 0.731000 0.836826 0.082000 0.062874
63 0.565000 0.835329 0.098000 0.059880
63 0.824000 0.850299 0.124000 0.065868
63 0.387000 0.821856 0.074000 0.074850
63 0.457000 0.835329 0.070000 0.041916
24 0.599000 0.976048 0.546000 0.041916
8 0.497000 0.296407 0.994000 0.592814
84 0.390000 0.652695 0.212000 0.305389
28 0.437000 0.923653 0.854000 0.080838