87 0.412000 0.687688 0.032000 0.036036
87 0.374000 0.728228 0.032000 0.039039
87 0.397000 0.656156 0.026000 0.045045
87 0.436000 0.713213 0.036000 0.033033
87 0.354000 0.749249 0.032000 0.039039
36 0.117000 0.124625 0.234000 0.249249
15 0.434000 0.750751 0.240000 0.498498
15 0.154000 0.842342 0.308000 0.315315
61 0.593000 0.321321 0.022000 0.036036
1 0.206000 0.500000 0.408000 1.000000
70 0.120000 0.066066 0.140000 0.072072
6 0.646000 0.635135 0.708000 0.729730
4 0.202000 0.617117 0.404000 0.759760