68 0.312000 0.418667 0.608000 0.837333
106 0.783000 0.574667 0.314000 0.418667
19 0.638000 0.396000 0.028000 0.050667
25 0.667000 0.444000 0.022000 0.024000
25 0.710000 0.444000 0.020000 0.029333
10 0.684000 0.437333 0.140000 0.186667
14 0.440000 0.674667 0.316000 0.650667
14 0.895000 0.632000 0.102000 0.309333
82 0.738000 0.658667 0.136000 0.208000
30 0.699000 0.469333 0.038000 0.042667
6 0.472000 0.500000 0.708000 1.000000
24 0.355000 0.925333 0.082000 0.096000
49 0.539000 0.700000 0.918000 0.600000
46 0.737000 0.760000 0.014000 0.026667
41 0.933000 0.477333 0.014000 0.032000
23 0.471000 0.500000 0.698000 1.000000