100 0.582583 0.122000 0.828829 0.244000
74 0.498498 0.825000 0.996997 0.242000
117 0.527027 0.655000 0.177177 0.210000
117 0.735736 0.686000 0.312312 0.212000
11 0.500000 0.546000 0.993994 0.464000
7 0.496997 0.765000 0.975976 0.446000
63 0.605105 0.518000 0.081081 0.056000
131 0.701201 0.933000 0.573574 0.118000
24 0.447447 0.938000 0.888889 0.124000
24 0.819820 0.774000 0.348348 0.048000
46 0.680180 0.642000 0.021021 0.016000
46 0.225225 0.608000 0.402402 0.056000
41 0.582583 0.685000 0.036036 0.094000
2 0.496997 0.459000 0.993994 0.894000
84 0.896396 0.682000 0.201201 0.460000