5 0.475992 0.414000 0.951983 0.828000
64 0.176409 0.974000 0.106472 0.052000
64 0.237996 0.928000 0.070981 0.060000
96 0.732777 0.182000 0.100209 0.032000
96 0.580376 0.217000 0.100209 0.038000
11 0.146138 0.880000 0.292276 0.240000
7 0.583507 0.844000 0.832985 0.312000
45 0.748434 0.126000 0.223382 0.080000
10 0.750522 0.205000 0.118998 0.118000
10 0.323591 0.203000 0.129436 0.170000
61 0.847599 0.320000 0.062630 0.048000
1 0.545929 0.565000 0.256785 0.870000
1 0.770355 0.542000 0.430063 0.916000
1 0.291232 0.560000 0.436326 0.880000
78 0.583507 0.266000 0.064718 0.044000
78 0.769311 0.245000 0.068894 0.046000
27 0.534447 0.537000 0.926931 0.926000
24 0.910230 0.922000 0.171190 0.156000
4 0.772443 0.380000 0.417537 0.296000
49 0.500000 0.855000 1.000000 0.290000
141 0.741127 0.401000 0.070981 0.270000
3 0.308977 0.396000 0.617954 0.792000