38 0.454000 0.453333 0.080000 0.176000
128 0.538000 0.286667 0.112000 0.072000
115 0.501000 0.605333 0.090000 0.074667
67 0.490000 0.433333 0.220000 0.360000
36 0.432000 0.334667 0.036000 0.045333
64 0.524000 0.594667 0.100000 0.037333
138 0.115000 0.114667 0.046000 0.058667
138 0.534000 0.396000 0.040000 0.077333
138 0.423000 0.554667 0.050000 0.085333
138 0.269000 0.085333 0.038000 0.074667
7 0.505000 0.609333 0.986000 0.669333
15 0.267000 0.090667 0.038000 0.069333
15 0.423000 0.564000 0.050000 0.066667
15 0.532000 0.390667 0.040000 0.072000
15 0.124000 0.108000 0.032000 0.066667
45 0.409000 0.293333 0.050000 0.080000
146 0.500000 0.552000 1.000000 0.896000
82 0.530000 0.493333 0.100000 0.192000
48 0.519000 0.600000 0.098000 0.037333
72 0.499000 0.553333 0.998000 0.893333