5 0.485000 0.341333 0.970000 0.261333
20 0.087000 0.410667 0.066000 0.042667
20 0.037000 0.408000 0.074000 0.048000
58 0.500000 0.172000 1.000000 0.344000
22 0.542000 0.366667 0.020000 0.034667
40 0.444000 0.840000 0.148000 0.021333
108 0.292000 0.688000 0.164000 0.010667
29 0.556000 0.462667 0.016000 0.029333
13 0.490000 0.314667 0.024000 0.261333
62 0.009000 0.474667 0.010000 0.096000
55 0.485000 0.722667 0.962000 0.538667
51 0.440000 0.269333 0.876000 0.112000
24 0.800000 0.860000 0.404000 0.285333
24 0.050000 0.584000 0.100000 0.085333
8 0.490000 0.177333 0.956000 0.354667
60 0.486000 0.705333 0.968000 0.578667
59 0.811000 0.421333 0.022000 0.026667
59 0.853000 0.469333 0.034000 0.048000
59 0.872000 0.425333 0.024000 0.040000
81 0.557000 0.436000 0.018000 0.024000
2 0.907000 0.405333 0.046000 0.160000
2 0.543000 0.392000 0.042000 0.122667
2 0.594000 0.392000 0.032000 0.138667
17 0.628000 0.390667 0.036000 0.146667
0 0.423000 0.325333 0.046000 0.048000
0 0.238000 0.302667 0.052000 0.040000
0 0.599000 0.341333 0.046000 0.048000
0 0.483000 0.329333 0.046000 0.045333
0 0.543000 0.337333 0.042000 0.045333
0 0.656000 0.346667 0.044000 0.048000
43 0.191000 0.376000 0.022000 0.026667