5 0.484940 0.557000 0.475904 0.886000
97 0.516566 0.571000 0.105422 0.070000
36 0.516566 0.567000 0.087349 0.054000
22 0.868976 0.936000 0.129518 0.056000
22 0.963855 0.868000 0.060241 0.052000
51 0.430723 0.253000 0.277108 0.286000
8 0.501506 0.500000 0.984940 0.992000
81 0.421687 0.158000 0.078313 0.092000
2 0.132530 0.904000 0.259036 0.188000
2 0.789157 0.873000 0.415663 0.234000
0 0.457831 0.514000 0.012048 0.012000
43 0.453313 0.249000 0.015060 0.010000
43 0.426205 0.633000 0.015060 0.014000