96 0.845000 0.534667 0.074000 0.029333
15 0.798000 0.620000 0.064000 0.098667
103 0.699000 0.649333 0.230000 0.328000
103 0.316000 0.726667 0.140000 0.424000
103 0.892000 0.426667 0.104000 0.176000
103 0.189000 0.585333 0.130000 0.312000
1 0.497000 0.457333 0.182000 0.834667
1 0.911000 0.276000 0.174000 0.477333
1 0.312000 0.497333 0.176000 0.882667
1 0.697000 0.538667 0.294000 0.661333
1 0.846000 0.725333 0.308000 0.549333
29 0.486000 0.622667 0.144000 0.408000
27 0.541000 0.521333 0.914000 0.957333
27 0.500000 0.500000 1.000000 1.000000
6 0.308000 0.498667 0.168000 0.885333
4 0.878000 0.685333 0.240000 0.277333
4 0.502000 0.320000 0.180000 0.341333
112 0.455000 0.838667 0.058000 0.066667
112 0.339000 0.898667 0.102000 0.090667
23 0.177000 0.440000 0.182000 0.677333