11 0.794393 0.509000 0.163551 0.134000
7 0.497664 0.675000 0.995327 0.646000
16 0.260514 0.508000 0.343458 0.416000
1 0.584112 0.866000 0.383178 0.268000
1 0.078271 0.465000 0.156542 0.586000
70 0.612150 0.754000 0.014019 0.016000
13 0.829439 0.226000 0.060748 0.452000
24 0.834112 0.959000 0.327103 0.070000
4 0.070093 0.427000 0.140187 0.298000
4 0.241822 0.769000 0.334112 0.458000
2 0.475467 0.232000 0.235981 0.272000
35 0.603972 0.650000 0.081776 0.056000
35 0.511682 0.633000 0.060748 0.058000
35 0.671729 0.079000 0.072430 0.066000
35 0.579439 0.077000 0.065421 0.046000