38 0.536620 0.438000 0.239437 0.092000
64 0.632394 0.817000 0.064789 0.086000
64 0.446479 0.822000 0.121127 0.028000
16 0.671831 0.351000 0.132394 0.118000
15 0.392958 0.402000 0.081690 0.060000
45 0.322535 0.210000 0.053521 0.036000
10 0.757746 0.243000 0.061972 0.066000
10 0.322535 0.219000 0.053521 0.054000
1 0.756338 0.389000 0.194366 0.362000
78 0.471831 0.298000 0.047887 0.016000
4 0.145070 0.321000 0.154930 0.126000
49 0.494366 0.582000 0.983099 0.252000
23 0.550704 0.579000 0.397183 0.566000