130 0.452000 0.641141 0.252000 0.207207
74 0.500000 0.713213 1.000000 0.315315
19 0.481000 0.283784 0.058000 0.051051
19 0.503000 0.244745 0.034000 0.039039
25 0.536000 0.304805 0.028000 0.027027
26 0.498000 0.265766 0.996000 0.531532
117 0.415000 0.506006 0.418000 0.615616
11 0.500000 0.887387 1.000000 0.231231
11 0.500000 0.489489 1.000000 0.210210
7 0.500000 0.708709 1.000000 0.594595
10 0.536000 0.297297 0.164000 0.186186
14 0.342000 0.696697 0.124000 0.168168
82 0.514000 0.755255 0.220000 0.105105
70 0.597000 0.375375 0.034000 0.024024
131 0.536000 0.815315 0.924000 0.375375
46 0.531000 0.527027 0.018000 0.045045
46 0.557000 0.666667 0.042000 0.048048
46 0.380000 0.627628 0.020000 0.018018
46 0.498000 0.671171 0.036000 0.039039
46 0.499000 0.463964 0.018000 0.033033
17 0.500000 0.226727 1.000000 0.453453
28 0.285000 0.915916 0.570000 0.174174