95 0.509259 0.672000 0.061728 0.020000
5 0.500000 0.523000 1.000000 0.954000
126 0.500000 0.932000 0.993827 0.128000
97 0.677469 0.386000 0.046296 0.072000
97 0.509259 0.370000 0.092593 0.064000
37 0.500000 0.398000 1.000000 0.456000
21 0.496914 0.867000 0.074074 0.102000
85 0.250000 0.900000 0.037037 0.072000
13 0.682099 0.785000 0.024691 0.238000
8 0.498457 0.361000 0.996914 0.722000
2 0.913580 0.698000 0.055556 0.048000
2 0.969136 0.688000 0.055556 0.064000
2 0.871914 0.697000 0.046296 0.058000
0 0.774691 0.684000 0.024691 0.064000
0 0.500000 0.596000 0.080247 0.112000
0 0.192901 0.684000 0.033951 0.052000
0 0.138889 0.686000 0.037037 0.060000