77 0.499000 0.748494 0.994000 0.165663
33 0.200000 0.469880 0.028000 0.072289
61 0.288000 0.152108 0.220000 0.171687
29 0.279000 0.679217 0.110000 0.051205
6 0.782000 0.438253 0.072000 0.153614
6 0.891000 0.439759 0.074000 0.168675
6 0.262000 0.591867 0.152000 0.237952
6 0.763000 0.620482 0.150000 0.204819
6 0.698000 0.441265 0.068000 0.171687
6 0.174000 0.441265 0.064000 0.135542
6 0.905000 0.394578 0.042000 0.066265
34 0.361000 0.703313 0.082000 0.021084
4 0.244000 0.605422 0.108000 0.138554
4 0.798000 0.658133 0.084000 0.117470
18 0.848000 0.481928 0.092000 0.072289
76 0.587000 0.650602 0.106000 0.096386
52 0.864000 0.617470 0.212000 0.204819
52 0.113000 0.614458 0.170000 0.355422
52 0.355000 0.475904 0.266000 0.253012
28 0.500000 0.902108 1.000000 0.189759