58 0.500000 0.133452 1.000000 0.266904
74 0.500000 0.752669 1.000000 0.501779
110 0.384000 0.450178 0.180000 0.209964
110 0.093000 0.496441 0.110000 0.153025
110 0.803000 0.487544 0.058000 0.106762
110 0.951000 0.494662 0.046000 0.078292
110 0.595000 0.519573 0.082000 0.113879
110 0.167000 0.503559 0.046000 0.081851
110 0.562000 0.620996 0.160000 0.096085
110 0.253000 0.455516 0.110000 0.120996
110 0.749000 0.480427 0.086000 0.113879
110 0.505000 0.587189 0.070000 0.056940
110 0.674000 0.637011 0.096000 0.056940
110 0.499000 0.574733 0.058000 0.053381
110 0.267000 0.544484 0.110000 0.113879
110 0.681000 0.631673 0.090000 0.060498
11 0.480000 0.727758 0.064000 0.060498
11 0.709000 0.407473 0.574000 0.281139
146 0.174000 0.318505 0.340000 0.110320
120 0.479000 0.734875 0.066000 0.074733
63 0.797000 0.743772 0.058000 0.071174
63 0.413000 0.692171 0.018000 0.032028
63 0.473000 0.695730 0.022000 0.017794
131 0.398000 0.670819 0.020000 0.017794
131 0.888000 0.697509 0.032000 0.014235
131 0.360000 0.772242 0.024000 0.028470
131 0.954000 0.685053 0.016000 0.017794
131 0.320000 0.770463 0.024000 0.024911
8 0.499000 0.208185 0.998000 0.103203
41 0.460000 0.480427 0.020000 0.128114