25 0.627000 0.465333 0.030000 0.029333
26 0.814000 0.281333 0.368000 0.269333
56 0.502000 0.500000 0.964000 0.978667
11 0.086000 0.493333 0.156000 0.981333
7 0.196000 0.502667 0.380000 0.978667
16 0.629000 0.402667 0.250000 0.181333
10 0.647000 0.493333 0.258000 0.352000
30 0.748000 0.600000 0.048000 0.074667
71 0.498000 0.498667 0.992000 0.986667
62 0.648000 0.168000 0.036000 0.277333
131 0.045000 0.109333 0.090000 0.064000
131 0.807000 0.182667 0.126000 0.066667
35 0.443000 0.230667 0.074000 0.056000