68 0.965465 0.778000 0.069069 0.132000
5 0.500000 0.232000 1.000000 0.460000
105 0.692192 0.397000 0.579580 0.206000
130 0.542042 0.507000 0.099099 0.118000
130 0.887387 0.658000 0.219219 0.300000
144 0.379880 0.507000 0.057057 0.030000
19 0.888889 0.498000 0.018018 0.020000
147 0.846847 0.495000 0.012012 0.006000
96 0.851351 0.494000 0.069069 0.020000
45 0.857357 0.475000 0.099099 0.030000
45 0.495495 0.433000 0.042042 0.030000
10 0.860360 0.494000 0.081081 0.060000
92 0.492492 0.435000 0.036036 0.030000
82 0.948949 0.800000 0.084084 0.140000
47 0.462462 0.698000 0.294294 0.080000
12 0.899399 0.174000 0.087087 0.052000
12 0.423423 0.279000 0.120120 0.194000
1 0.888889 0.676000 0.222222 0.436000
1 0.493994 0.462000 0.099099 0.084000
30 0.834835 0.502000 0.018018 0.016000
27 0.232733 0.452000 0.309309 0.060000
6 0.292793 0.457000 0.021021 0.058000
6 0.361862 0.449000 0.027027 0.046000
6 0.376877 0.444000 0.021021 0.036000
6 0.315315 0.457000 0.030030 0.058000
13 0.804805 0.280000 0.102102 0.560000
55 0.500000 0.745000 1.000000 0.510000
112 0.899399 0.852000 0.063063 0.036000
49 0.276276 0.480000 0.276276 0.048000
9 0.702703 0.061000 0.132132 0.118000
60 0.500000 0.818000 0.993994 0.344000
23 0.555556 0.509000 0.078078 0.178000