87 0.548593 0.806000 0.017903 0.016000
87 0.342711 0.616000 0.025575 0.020000
87 0.695652 0.609000 0.005115 0.018000
87 0.717391 0.693000 0.012788 0.018000
19 0.526854 0.283000 0.015345 0.038000
99 0.934783 0.953000 0.043478 0.082000
44 0.736573 0.392000 0.122762 0.112000
79 0.852941 0.965000 0.145780 0.070000
15 0.709719 0.786000 0.196931 0.080000
15 0.843990 0.650000 0.107417 0.080000
15 0.359335 0.396000 0.156010 0.132000
42 0.222506 0.593000 0.424552 0.674000
42 0.615090 0.589000 0.473146 0.526000
1 0.246803 0.529000 0.493606 0.942000
78 0.594629 0.347000 0.099744 0.050000
4 0.613811 0.485000 0.148338 0.314000
4 0.335038 0.452000 0.122762 0.440000
18 0.644501 0.939000 0.700767 0.118000
23 0.636829 0.573000 0.526854 0.854000