5 0.304000 0.956869 0.136000 0.079872
126 0.539000 0.950479 0.114000 0.086262
126 0.633000 0.945687 0.050000 0.070288
126 0.163000 0.942492 0.086000 0.115016
126 0.348000 0.905751 0.060000 0.067093
126 0.855000 0.963259 0.066000 0.067093
37 0.495000 0.354633 0.990000 0.709265
47 0.309000 0.311502 0.014000 0.028754
119 0.372000 0.354633 0.168000 0.140575
2 0.161000 0.777955 0.098000 0.226837
2 0.238000 0.819489 0.112000 0.169329
2 0.354000 0.835463 0.132000 0.150160
2 0.535000 0.763578 0.122000 0.268371
2 0.671000 0.787540 0.154000 0.246006
17 0.959000 0.779553 0.086000 0.204473
17 0.263000 0.833866 0.306000 0.332268
17 0.500000 0.809904 1.000000 0.373802
17 0.454000 0.891374 0.052000 0.070288
35 0.400000 0.623003 0.024000 0.044728
35 0.418000 0.611821 0.024000 0.047923
35 0.485000 0.610224 0.022000 0.044728
35 0.495000 0.618211 0.042000 0.060703
35 0.502000 0.623003 0.028000 0.044728
0 0.420000 0.413738 0.004000 0.015974
0 0.353000 0.972843 0.010000 0.015974
0 0.293000 0.972843 0.018000 0.009585
0 0.324000 0.972843 0.020000 0.015974
0 0.338000 0.958466 0.020000 0.006390
0 0.308000 0.333866 0.004000 0.015974
0 0.225000 0.279553 0.014000 0.015974
0 0.300000 0.327476 0.004000 0.015974
0 0.196000 0.266773 0.024000 0.015974
0 0.213000 0.274760 0.014000 0.019169
0 0.342000 0.356230 0.004000 0.015974
0 0.394000 0.394569 0.004000 0.015974