5 0.407000 0.882667 0.050000 0.128000
5 0.926000 0.496000 0.136000 0.992000
7 0.891000 0.484000 0.022000 0.120000
119 0.628000 0.533333 0.148000 0.058667
12 0.806000 0.426667 0.188000 0.032000
1 0.728000 0.982667 0.016000 0.034667
62 0.349000 0.597333 0.130000 0.794667
9 0.503000 0.518667 0.410000 0.418667
8 0.454000 0.494667 0.908000 0.973333
60 0.512000 0.501333 0.800000 0.970667
2 0.194000 0.597333 0.248000 0.794667
0 0.039000 0.788000 0.046000 0.130667
0 0.052000 0.644000 0.060000 0.114667
0 0.973000 0.273333 0.050000 0.216000
43 0.926000 0.684000 0.080000 0.392000