86 0.672000 0.763158 0.072000 0.057644
86 0.877000 0.775689 0.078000 0.057644
86 0.649000 0.637845 0.050000 0.032581
86 0.518000 0.680451 0.056000 0.042607
86 0.527000 0.630326 0.046000 0.032581
86 0.809000 0.694236 0.062000 0.040100
89 0.306000 0.690476 0.456000 0.378446
31 0.291000 0.804511 0.574000 0.390977
80 0.874000 0.766917 0.028000 0.015038
32 0.226000 0.434837 0.012000 0.142857
102 0.695000 0.189223 0.206000 0.373434
12 0.775000 0.317043 0.034000 0.067669
12 0.610000 0.317043 0.040000 0.062657
12 0.713000 0.315789 0.038000 0.075188
75 0.798000 0.364662 0.400000 0.513784
98 0.213000 0.378446 0.014000 0.040100
98 0.042000 0.704261 0.072000 0.145363
98 0.771000 0.422306 0.070000 0.072682
18 0.694000 0.799499 0.608000 0.380952
3 0.392000 0.115288 0.296000 0.225564