68 0.738739 0.427000 0.030030 0.018000
5 0.501502 0.209000 0.984985 0.410000
1 0.855856 0.449000 0.108108 0.194000
29 0.427928 0.715000 0.165165 0.342000
27 0.309309 0.401000 0.102102 0.094000
6 0.460961 0.526000 0.243243 0.724000
6 0.740240 0.415000 0.057057 0.078000
13 0.690691 0.244000 0.030030 0.484000
55 0.498498 0.701000 0.996997 0.598000
24 0.738739 0.759000 0.516517 0.174000
48 0.444444 0.874000 0.060060 0.020000
9 0.917417 0.346000 0.141141 0.016000
141 0.498498 0.724000 0.996997 0.276000
43 0.767267 0.295000 0.093093 0.034000
23 0.106607 0.486000 0.129129 0.260000