68 0.851000 0.949333 0.218000 0.096000
83 0.668000 0.905333 0.180000 0.184000
91 0.256000 0.506667 0.148000 0.533333
11 0.499000 0.686667 0.998000 0.626667
16 0.283000 0.121333 0.262000 0.146667
16 0.712000 0.564000 0.088000 0.130667
114 0.504000 0.434667 0.752000 0.810667
103 0.432000 0.689333 0.200000 0.541333
119 0.397000 0.322667 0.034000 0.053333
61 0.591000 0.434667 0.074000 0.053333
1 0.547000 0.688000 0.418000 0.570667
29 0.273000 0.513333 0.114000 0.210667
27 0.076000 0.304000 0.152000 0.202667
62 0.087000 0.341333 0.022000 0.240000
62 0.958000 0.357333 0.036000 0.277333
4 0.282000 0.336000 0.084000 0.176000
41 0.832000 0.498667 0.100000 0.554667
2 0.695000 0.094667 0.606000 0.184000
0 0.936000 0.154667 0.128000 0.101333