37 0.756000 0.214072 0.472000 0.254491
11 0.109000 0.649701 0.218000 0.227545
11 0.825000 0.809880 0.350000 0.380240
118 0.247000 0.586826 0.018000 0.071856
146 0.862000 0.678144 0.268000 0.607784
22 0.054000 0.209581 0.040000 0.053892
119 0.780000 0.904192 0.180000 0.047904
24 0.272000 0.856287 0.356000 0.137725
8 0.501000 0.191617 0.994000 0.359281
94 0.588000 0.573353 0.736000 0.559880
2 0.928000 0.339820 0.060000 0.170659
2 0.984000 0.351796 0.032000 0.158683
2 0.215000 0.181138 0.074000 0.128743
17 0.311000 0.220060 0.118000 0.200599
17 0.512000 0.266467 0.168000 0.347305
17 0.657000 0.345808 0.074000 0.170659
17 0.249000 0.296407 0.130000 0.149701
3 0.405000 0.404192 0.802000 0.197605
0 0.481000 0.492515 0.022000 0.098802