67 0.439000 0.722222 0.274000 0.555556
64 0.647000 0.916162 0.058000 0.127273
64 0.592000 0.933333 0.060000 0.076768
15 0.585000 0.573737 0.090000 0.068687
10 0.602000 0.253535 0.164000 0.163636
102 0.906000 0.300000 0.188000 0.418182
1 0.255000 0.576768 0.414000 0.846465
71 0.497000 0.500000 0.994000 1.000000
24 0.609000 0.237374 0.234000 0.171717
24 0.293000 0.339394 0.166000 0.416162
48 0.587000 0.982828 0.062000 0.034343
48 0.647000 0.916162 0.058000 0.123232
112 0.617000 0.918182 0.118000 0.163636
112 0.315000 0.949495 0.294000 0.101010
18 0.899000 0.671717 0.202000 0.385859
3 0.662000 0.396970 0.676000 0.793939
3 0.500000 0.310101 1.000000 0.620202
3 0.456000 0.264646 0.104000 0.092929
23 0.617000 0.584848 0.298000 0.830303