128 0.886000 0.460486 0.224000 0.112462
128 0.203000 0.612462 0.182000 0.094225
106 0.753000 0.709726 0.494000 0.574468
106 0.229000 0.689970 0.458000 0.382979
19 0.626000 0.557751 0.060000 0.136778
19 0.394000 0.609422 0.068000 0.106383
36 0.432000 0.548632 0.036000 0.100304
11 0.499000 0.501520 0.998000 0.996960
70 0.438000 0.583587 0.024000 0.042553
70 0.538000 0.568389 0.048000 0.048632
30 0.513000 0.510638 0.018000 0.024316
30 0.447000 0.531915 0.014000 0.018237
41 0.051000 0.676292 0.098000 0.179331