11 0.133000 0.629518 0.266000 0.295181
142 0.894000 0.503012 0.020000 0.018072
10 0.732000 0.384036 0.024000 0.045181
42 0.885000 0.474398 0.070000 0.075301
103 0.974000 0.552711 0.048000 0.111446
119 0.682000 0.480422 0.060000 0.051205
12 0.787000 0.444277 0.006000 0.015060
1 0.730000 0.414157 0.040000 0.105422
1 0.966000 0.507530 0.068000 0.225904
1 0.884000 0.515060 0.072000 0.216867
78 0.883000 0.438253 0.014000 0.009036
65 0.364000 0.820783 0.048000 0.051205
4 0.967000 0.465361 0.070000 0.081325
112 0.871000 0.609940 0.018000 0.015060
49 0.796000 0.762048 0.404000 0.481928
8 0.498000 0.250000 0.996000 0.500000
94 0.436000 0.507530 0.796000 0.984940
17 0.848000 0.503012 0.024000 0.042169
0 0.715000 0.408133 0.010000 0.117470
0 0.785000 0.450301 0.002000 0.075301