5 0.500000 0.462000 1.000000 0.924000
20 0.766566 0.942000 0.466867 0.116000
19 0.507530 0.840000 0.033133 0.032000
25 0.581325 0.836000 0.030120 0.008000
16 0.882530 0.816000 0.138554 0.100000
15 0.039157 0.871000 0.066265 0.046000
42 0.846386 0.943000 0.301205 0.114000
12 0.287651 0.465000 0.063253 0.046000
1 0.492470 0.889000 0.250000 0.222000
75 0.659639 0.978000 0.090361 0.036000
70 0.588855 0.872000 0.021084 0.016000
30 0.602410 0.849000 0.024096 0.022000
27 0.501506 0.889000 0.996988 0.222000
13 0.254518 0.382000 0.063253 0.068000
4 0.847892 0.941000 0.304217 0.114000
9 0.810241 0.656000 0.379518 0.056000
60 0.164157 0.964000 0.087349 0.020000
3 0.420181 0.213000 0.021084 0.002000
0 0.593373 0.070000 0.078313 0.120000
23 0.850904 0.882000 0.298193 0.236000