105 0.484000 0.516517 0.672000 0.858859
126 0.112000 0.926426 0.216000 0.141141
20 0.137000 0.506006 0.094000 0.213213
20 0.387000 0.093093 0.110000 0.096096
20 0.220000 0.060060 0.136000 0.120120
20 0.095000 0.187688 0.170000 0.159159
20 0.137000 0.758258 0.274000 0.279279
40 0.356000 0.857357 0.116000 0.105105
40 0.507000 0.983483 0.034000 0.021021
40 0.863000 0.939940 0.102000 0.078078
40 0.069000 0.606607 0.030000 0.024024
40 0.697000 0.966967 0.070000 0.060060
65 0.731000 0.472973 0.062000 0.045045
13 0.730000 0.138138 0.028000 0.180180
13 0.858000 0.500000 0.056000 1.000000
13 0.679000 0.115616 0.014000 0.141141
55 0.500000 0.500000 1.000000 1.000000
9 0.370000 0.954955 0.172000 0.090090
60 0.500000 0.500000 1.000000 1.000000
76 0.931000 0.864865 0.078000 0.138138
76 0.245000 0.662162 0.034000 0.111111
76 0.168000 0.573574 0.024000 0.066066
76 0.478000 0.842342 0.052000 0.141141
125 0.893000 0.639640 0.210000 0.588589
0 0.281000 0.503003 0.062000 0.153153
0 0.053000 0.702703 0.078000 0.090090