38 0.225000 0.673333 0.302000 0.525333
19 0.681000 0.438667 0.050000 0.125333
25 0.570000 0.466667 0.068000 0.053333
147 0.451000 0.454667 0.050000 0.066667
36 0.536000 0.524000 0.248000 0.402667
16 0.544000 0.290667 0.348000 0.464000
15 0.167000 0.216000 0.158000 0.325333
10 0.535000 0.392000 0.334000 0.666667
10 0.572000 0.384000 0.388000 0.672000
14 0.224000 0.950667 0.448000 0.104000
1 0.467000 0.525333 0.906000 0.949333
78 0.641000 0.578667 0.066000 0.138667
30 0.521000 0.550667 0.062000 0.130667
29 0.453000 0.945333 0.126000 0.114667
4 0.501000 0.742667 0.990000 0.520000