5 0.887000 0.495495 0.210000 0.990991
7 0.401000 0.627628 0.794000 0.738739
85 0.532000 0.466967 0.016000 0.021021
85 0.524000 0.255255 0.012000 0.018018
85 0.534000 0.466967 0.016000 0.021021
108 0.679000 0.533033 0.138000 0.195195
51 0.499000 0.235736 0.602000 0.177177
9 0.424000 0.671171 0.188000 0.363363
9 0.473000 0.848348 0.186000 0.237237
9 0.047000 0.714715 0.074000 0.270270
9 0.734000 0.528529 0.016000 0.030030
94 0.376000 0.382883 0.480000 0.345345
94 0.134000 0.561562 0.268000 0.672673
17 0.391000 0.076577 0.770000 0.141141
3 0.889000 0.500000 0.222000 1.000000
43 0.829000 0.462462 0.018000 0.204204
43 0.564000 0.402402 0.100000 0.054054
43 0.881000 0.545045 0.014000 0.261261