5 0.903000 0.489458 0.194000 0.382530
102 0.662000 0.219880 0.020000 0.054217
85 0.606000 0.618976 0.012000 0.015060
85 0.588000 0.600904 0.016000 0.021084
40 0.743000 0.813253 0.134000 0.361446
9 0.630000 0.340361 0.336000 0.096386
9 0.154000 0.313253 0.184000 0.048193
9 0.901000 0.409639 0.026000 0.036145
9 0.588000 0.549699 0.048000 0.039157
94 0.573000 0.543675 0.346000 0.334337
3 0.865000 0.546687 0.250000 0.274096
0 0.894000 0.379518 0.016000 0.096386
0 0.643000 0.475904 0.038000 0.084337
0 0.850000 0.387048 0.004000 0.087349
0 0.693000 0.478916 0.034000 0.078313
0 0.830000 0.387048 0.012000 0.081325
0 0.868000 0.382530 0.008000 0.096386
0 0.590000 0.474398 0.044000 0.087349
0 0.934000 0.370482 0.040000 0.108434
43 0.388000 0.221386 0.008000 0.021084
43 0.532000 0.483434 0.020000 0.045181
43 0.393000 0.272590 0.006000 0.021084