97 0.355000 0.690828 0.170000 0.488166
97 0.622000 0.687870 0.152000 0.482249
37 0.111000 0.816568 0.154000 0.230769
37 0.133000 0.153846 0.114000 0.112426
130 0.664000 0.313609 0.056000 0.082840
130 0.279000 0.371302 0.070000 0.079882
130 0.494000 0.304734 0.060000 0.053254
15 0.628000 0.625740 0.032000 0.251479
15 0.356000 0.636095 0.024000 0.236686
15 0.633000 0.520710 0.054000 0.053254
15 0.624000 0.591716 0.024000 0.106509
45 0.249000 0.326923 0.034000 0.056213
45 0.495000 0.257396 0.026000 0.035503
92 0.642000 0.261834 0.036000 0.038462
103 0.279000 0.446746 0.038000 0.100592
14 0.278000 0.457101 0.040000 0.103550
1 0.276000 0.403846 0.080000 0.204142
1 0.660000 0.325444 0.060000 0.159763
1 0.500000 0.289941 0.076000 0.106509
8 0.500000 0.500000 1.000000 1.000000