115 0.442000 0.534667 0.232000 0.088000
5 0.206000 0.498667 0.412000 0.997333
5 0.936000 0.445333 0.128000 0.890667
5 0.526000 0.384000 0.084000 0.128000
20 0.928000 0.961333 0.140000 0.061333
39 0.675000 0.536000 0.010000 0.021333
39 0.651000 0.625333 0.014000 0.013333
39 0.601000 0.538667 0.010000 0.010667
39 0.677000 0.654667 0.014000 0.018667
39 0.625000 0.664000 0.014000 0.016000
22 0.570000 0.654667 0.624000 0.546667
13 0.526000 0.733333 0.044000 0.506667
9 0.459000 0.654667 0.278000 0.690667
8 0.630000 0.190667 0.524000 0.381333
60 0.699000 0.977333 0.594000 0.034667
2 0.563000 0.682667 0.674000 0.634667
2 0.842000 0.845333 0.204000 0.298667
3 0.093000 0.298667 0.166000 0.325333
0 0.944000 0.448000 0.024000 0.064000
0 0.373000 0.302667 0.038000 0.109333
0 0.907000 0.209333 0.018000 0.072000
0 0.916000 0.286667 0.032000 0.066667
0 0.985000 0.488000 0.030000 0.106667
0 0.931000 0.368000 0.026000 0.074667
43 0.933000 0.153333 0.130000 0.269333