5 0.784000 0.234000 0.432000 0.464000
22 0.384000 0.109000 0.218667 0.118000
1 0.608000 0.458000 0.197333 0.532000
1 0.096000 0.404000 0.192000 0.380000
1 0.941333 0.603000 0.112000 0.626000
1 0.805333 0.520000 0.314667 0.592000
29 0.966667 0.737000 0.061333 0.322000
29 0.609333 0.557000 0.125333 0.290000
111 0.257333 0.591000 0.109333 0.078000
111 0.521333 0.619000 0.072000 0.066000
51 0.785333 0.087000 0.434667 0.158000
4 0.973333 0.463000 0.053333 0.242000
4 0.068000 0.352000 0.136000 0.164000
4 0.864000 0.416000 0.197333 0.220000
4 0.608000 0.345000 0.197333 0.162000
48 0.850667 0.794000 0.058667 0.044000
48 0.752000 0.738000 0.080000 0.028000
17 0.326667 0.151000 0.653333 0.302000
0 0.744000 0.256000 0.085333 0.116000
23 0.444000 0.570000 0.296000 0.568000
23 0.270667 0.517000 0.232000 0.482000