115 0.750667 0.254000 0.466667 0.148000
115 0.373333 0.171000 0.202667 0.154000
100 0.825333 0.559000 0.349333 0.298000
73 0.201333 0.878000 0.402667 0.244000
11 0.784000 0.924000 0.421333 0.152000
107 0.770667 0.784000 0.176000 0.188000
119 0.388000 0.184000 0.125333 0.068000
119 0.864000 0.258000 0.074667 0.044000
65 0.772000 0.203000 0.077333 0.030000
120 0.312000 0.723000 0.624000 0.546000
13 0.506667 0.500000 0.101333 1.000000
2 0.500000 0.499000 1.000000 0.998000
0 0.737333 0.782000 0.018667 0.020000
0 0.716000 0.783000 0.008000 0.022000
0 0.760000 0.782000 0.010667 0.024000