54 0.012000 0.324000 0.024000 0.098667
54 0.951000 0.349333 0.014000 0.069333
54 0.914000 0.414667 0.020000 0.077333
83 0.034000 0.924000 0.068000 0.152000
89 0.740000 0.428000 0.524000 0.082667
21 0.820000 0.552000 0.124000 0.229333
21 0.717000 0.534667 0.102000 0.221333
31 0.499000 0.792000 0.998000 0.405333
79 0.828000 0.260000 0.080000 0.093333
7 0.815000 0.497333 0.114000 0.141333
32 0.972000 0.677333 0.020000 0.010667
124 0.828000 0.386667 0.120000 0.112000
124 0.835000 0.392000 0.106000 0.117333
50 0.742000 0.932000 0.252000 0.130667
145 0.906000 0.522667 0.040000 0.122667
3 0.317000 0.197333 0.158000 0.256000
0 0.839000 0.252000 0.286000 0.296000
0 0.409000 0.237333 0.030000 0.170667