5 0.219000 0.371069 0.402000 0.710692
5 0.140000 0.559748 0.256000 0.603774
5 0.470000 0.466981 0.144000 0.342767
5 0.874000 0.473270 0.244000 0.902516
5 0.873000 0.446541 0.226000 0.880503
5 0.478000 0.435535 0.076000 0.179245
5 0.129000 0.570755 0.222000 0.493711
5 0.873000 0.482704 0.202000 0.116352
5 0.212000 0.454403 0.400000 0.575472
5 0.883000 0.220126 0.210000 0.207547
5 0.437000 0.459119 0.058000 0.144654
5 0.330000 0.422956 0.148000 0.468553
5 0.771000 0.477987 0.438000 0.924528
5 0.896000 0.448113 0.200000 0.864780
97 0.775000 0.349057 0.074000 0.106918
102 0.856000 0.426101 0.052000 0.135220
85 0.839000 0.650943 0.034000 0.075472
85 0.890000 0.680818 0.040000 0.084906
1 0.177000 0.803459 0.042000 0.166667
27 0.510000 0.690252 0.028000 0.103774
13 0.330000 0.761006 0.028000 0.119497
13 0.854000 0.699686 0.020000 0.386792
51 0.141000 0.441824 0.258000 0.380503
49 0.786000 0.770440 0.300000 0.308176
49 0.260000 0.762579 0.504000 0.349057
9 0.653000 0.529874 0.070000 0.091195
9 0.759000 0.599057 0.114000 0.166667
8 0.412000 0.202830 0.788000 0.374214
60 0.512000 0.753145 0.432000 0.342767
0 0.213000 0.668239 0.038000 0.072327
23 0.718000 0.770440 0.040000 0.169811