88 0.630000 0.722667 0.516000 0.554667
88 0.734000 0.414667 0.104000 0.093333
88 0.485000 0.629333 0.438000 0.410667
88 0.418000 0.569333 0.440000 0.322667
88 0.332000 0.524000 0.368000 0.253333
129 0.495000 0.737333 0.030000 0.050667
5 0.500000 0.501333 1.000000 1.002667
31 0.500000 0.714667 1.000000 0.565333
7 0.935000 0.558667 0.030000 0.093333
12 0.199000 0.193333 0.062000 0.104000
109 0.685000 0.761333 0.414000 0.333333
3 0.588000 0.278667 0.044000 0.173333
3 0.731000 0.257333 0.086000 0.226667
3 0.053000 0.126667 0.106000 0.253333
0 0.651000 0.265333 0.090000 0.205333