19 0.452000 0.213087 0.016000 0.023490
19 0.490000 0.213087 0.012000 0.023490
25 0.475000 0.231544 0.010000 0.013423
56 0.502000 0.786913 0.868000 0.211409
117 0.516000 0.531879 0.156000 0.708054
117 0.181000 0.464765 0.126000 0.379195
117 0.835000 0.536913 0.158000 0.382550
11 0.502000 0.791946 0.924000 0.208054
10 0.471000 0.234899 0.058000 0.114094
10 0.139000 0.310403 0.042000 0.070470
10 0.755000 0.676174 0.022000 0.077181
10 0.896000 0.380872 0.048000 0.057047
10 0.290000 0.706376 0.020000 0.090604
14 0.508000 0.753356 0.028000 0.265101
14 0.734000 0.756711 0.020000 0.083893
14 0.777000 0.661074 0.022000 0.120805
14 0.791000 0.672819 0.014000 0.097315
14 0.856000 0.656040 0.016000 0.137584
14 0.551000 0.760067 0.030000 0.251678
14 0.572000 0.744966 0.024000 0.268456
14 0.556000 0.733221 0.016000 0.211409
14 0.659000 0.760067 0.014000 0.077181
14 0.839000 0.656040 0.014000 0.137584
14 0.706000 0.763423 0.016000 0.070470
14 0.676000 0.766779 0.016000 0.070470
70 0.447000 0.283557 0.010000 0.010067
78 0.172000 0.411074 0.048000 0.164430
78 0.865000 0.458054 0.042000 0.117450
78 0.510000 0.375839 0.064000 0.208054
8 0.505000 0.241611 0.926000 0.342282
46 0.560000 0.573826 0.012000 0.033557
46 0.522000 0.540268 0.024000 0.026846
46 0.524000 0.488255 0.016000 0.030201
59 0.180000 0.687919 0.040000 0.073826
59 0.166000 0.711409 0.028000 0.033557
59 0.217000 0.697987 0.038000 0.046980
59 0.165000 0.724832 0.018000 0.020134
41 0.665000 0.703020 0.010000 0.077181
17 0.502000 0.449664 0.920000 0.543624
137 0.708000 0.718121 0.120000 0.167785
137 0.211000 0.726510 0.178000 0.151007
137 0.133000 0.724832 0.122000 0.147651