5 0.940000 0.274667 0.112000 0.160000
7 0.499000 0.778667 0.998000 0.442667
119 0.474000 0.316000 0.240000 0.146667
40 0.343000 0.769333 0.058000 0.098667
98 0.850000 0.749333 0.120000 0.042667
98 0.168000 0.696000 0.336000 0.245333
98 0.304000 0.869333 0.036000 0.208000
55 0.501000 0.776000 0.998000 0.448000
51 0.954000 0.236000 0.092000 0.050667
24 0.123000 0.658667 0.206000 0.138667
8 0.228000 0.050667 0.072000 0.101333
72 0.128000 0.360000 0.256000 0.096000
17 0.500000 0.196000 1.000000 0.392000
28 0.490000 0.789333 0.980000 0.421333
104 0.482000 0.474667 0.380000 0.469333