37 0.578000 0.395210 0.336000 0.071856
37 0.068000 0.366766 0.136000 0.140719
37 0.408000 0.450599 0.336000 0.074850
37 0.788000 0.468563 0.232000 0.110778
37 0.495000 0.541916 0.986000 0.185629
37 0.397000 0.170659 0.122000 0.077844
11 0.499000 0.907186 0.998000 0.173653
114 0.187000 0.682635 0.026000 0.029940
114 0.162000 0.741018 0.036000 0.032934
114 0.477000 0.808383 0.058000 0.041916
114 0.439000 0.791916 0.054000 0.044910
114 0.373000 0.815868 0.066000 0.050898
114 0.694000 0.760479 0.036000 0.035928
114 0.256000 0.775449 0.040000 0.041916
114 0.859000 0.764970 0.022000 0.032934
114 0.889000 0.729042 0.034000 0.026946
114 0.395000 0.721557 0.018000 0.023952
114 0.558000 0.778443 0.044000 0.035928
8 0.499000 0.324850 0.998000 0.649701
2 0.118000 0.757485 0.052000 0.143713
28 0.499000 0.763473 0.998000 0.137725