37 0.499000 0.220630 0.994000 0.097421
74 0.470000 0.289398 0.048000 0.034384
10 0.243000 0.683381 0.042000 0.083095
146 0.676000 0.342407 0.648000 0.203438
146 0.310000 0.401146 0.148000 0.051576
107 0.335000 0.289398 0.030000 0.005731
13 0.837000 0.472779 0.018000 0.114613
13 0.756000 0.495702 0.008000 0.131805
13 0.508000 0.553009 0.012000 0.177650
13 0.648000 0.522923 0.008000 0.146132
13 0.356000 0.600287 0.008000 0.197708
148 0.739000 0.670487 0.046000 0.011461
8 0.498000 0.111748 0.980000 0.217765
133 0.499000 0.636103 0.994000 0.383954
94 0.440000 0.631805 0.432000 0.180516
17 0.678000 0.322350 0.640000 0.163324
17 0.301000 0.398281 0.054000 0.040115
28 0.972000 0.560172 0.056000 0.020057
43 0.433000 0.630372 0.026000 0.022923