38 0.917000 0.514377 0.010000 0.031949
5 0.447000 0.226837 0.054000 0.255591
97 0.431000 0.201278 0.014000 0.031949
21 0.440000 0.519169 0.016000 0.143770
26 0.287000 0.527157 0.110000 0.121406
118 0.614000 0.575080 0.032000 0.025559
118 0.527000 0.576677 0.038000 0.028754
82 0.928000 0.570288 0.012000 0.054313
12 0.312000 0.437700 0.008000 0.012780
40 0.505000 0.792332 0.266000 0.415335
1 0.932000 0.539936 0.044000 0.140575
55 0.385000 0.793930 0.462000 0.399361
9 0.053000 0.623003 0.106000 0.153355
94 0.478000 0.536741 0.312000 0.300319
2 0.099000 0.341853 0.182000 0.306709