5 0.286000 0.593195 0.324000 0.056213
5 0.717000 0.529586 0.546000 0.319527
11 0.284000 0.767751 0.568000 0.062130
146 0.321000 0.446746 0.642000 0.153846
119 0.673000 0.451183 0.030000 0.014793
119 0.847000 0.798817 0.062000 0.035503
51 0.389000 0.535503 0.034000 0.017751
9 0.464000 0.801775 0.044000 0.035503
9 0.829000 0.792899 0.090000 0.035503
8 0.255000 0.171598 0.510000 0.343195
41 0.720000 0.217456 0.060000 0.103550
2 0.144000 0.473373 0.052000 0.094675
2 0.185000 0.458580 0.046000 0.053254
2 0.750000 0.610947 0.136000 0.115385
0 0.561000 0.273669 0.022000 0.008876
135 0.716000 0.303254 0.084000 0.038462