130 0.211000 0.314667 0.046000 0.085333
138 0.202000 0.264000 0.016000 0.016000
7 0.300000 0.870667 0.600000 0.258667
15 0.202000 0.264000 0.016000 0.016000
10 0.229000 0.300000 0.022000 0.034667
92 0.229000 0.290667 0.022000 0.021333
146 0.310000 0.729333 0.620000 0.541333
1 0.220000 0.346667 0.068000 0.181333
29 0.215000 0.388000 0.054000 0.093333
72 0.500000 0.732000 1.000000 0.536000
2 0.124000 0.380000 0.060000 0.168000
2 0.217000 0.438667 0.062000 0.136000
2 0.295000 0.254667 0.102000 0.509333
17 0.864000 0.682667 0.260000 0.245333