147 0.470000 0.193694 0.024000 0.027027
36 0.866000 0.204204 0.044000 0.120120
36 0.449000 0.196697 0.090000 0.189189
36 0.331000 0.196697 0.086000 0.219219
36 0.667000 0.289790 0.090000 0.243243
96 0.696000 0.280781 0.112000 0.045045
16 0.745000 0.235736 0.150000 0.225225
16 0.895000 0.138138 0.102000 0.078078
15 0.577000 0.945946 0.062000 0.102102
42 0.605000 0.597598 0.066000 0.414414
42 0.240000 0.635135 0.364000 0.717718
42 0.447000 0.552553 0.274000 0.534535
42 0.722000 0.678679 0.308000 0.636637
42 0.823000 0.342342 0.074000 0.048048
42 0.910000 0.507508 0.164000 0.552553
12 0.590000 0.060060 0.036000 0.036036
12 0.612000 0.051051 0.028000 0.042042
12 0.632000 0.052553 0.020000 0.027027
1 0.230000 0.510511 0.372000 0.966967
1 0.918000 0.546547 0.156000 0.894895
1 0.701000 0.548048 0.278000 0.873874
1 0.839000 0.381381 0.098000 0.330330
1 0.477000 0.519520 0.210000 0.894895
1 0.633000 0.569069 0.130000 0.465465
29 0.927000 0.881381 0.114000 0.225225
6 0.443000 0.539039 0.254000 0.897898
6 0.239000 0.507508 0.370000 0.960961
4 0.908000 0.262763 0.072000 0.075075
4 0.661000 0.495495 0.082000 0.216216
4 0.440000 0.489489 0.112000 0.480480
18 0.059000 0.833333 0.118000 0.321321
2 0.606000 0.219219 0.144000 0.336336
3 0.648000 0.150150 0.700000 0.300300