67 0.365000 0.503559 0.466000 0.992883
37 0.844000 0.074733 0.060000 0.106762
37 0.657000 0.137011 0.050000 0.088968
130 0.317000 0.186833 0.374000 0.359431
56 0.854000 0.809609 0.080000 0.145907
31 0.500000 0.800712 1.000000 0.398577
79 0.726000 0.604982 0.116000 0.213523
138 0.553000 0.120996 0.126000 0.177936
138 0.160000 0.080071 0.100000 0.160142
82 0.390000 0.638790 0.468000 0.701068
29 0.400000 0.658363 0.324000 0.676157
29 0.097000 0.912811 0.050000 0.124555
6 0.097000 0.889680 0.074000 0.213523
6 0.185000 0.900356 0.070000 0.192171
13 0.767000 0.483986 0.462000 0.889680
13 0.074000 0.120996 0.148000 0.199288
51 0.153000 0.895018 0.074000 0.145907
112 0.417000 0.919929 0.434000 0.145907
9 0.146000 0.880783 0.084000 0.167260
8 0.501000 0.453737 0.990000 0.900356
72 0.763000 0.834520 0.458000 0.274021