38 0.755287 0.668000 0.187311 0.472000
38 0.131420 0.682000 0.160121 0.428000
86 0.663142 0.246000 0.238671 0.112000
19 0.513595 0.260000 0.036254 0.052000
19 0.271903 0.286000 0.036254 0.064000
25 0.442598 0.254000 0.057402 0.016000
25 0.341390 0.262000 0.054381 0.016000
36 0.391239 0.277000 0.190332 0.158000
57 0.806647 0.271000 0.108761 0.066000
16 0.382175 0.205000 0.256798 0.134000
15 0.114804 0.948000 0.048338 0.100000
15 0.749245 0.945000 0.132931 0.106000
10 0.392749 0.256000 0.271903 0.244000
70 0.403323 0.329000 0.099698 0.030000
78 0.415408 0.377000 0.190332 0.098000
30 0.401813 0.284000 0.054381 0.052000
29 0.424471 0.944000 0.607251 0.108000
4 0.451662 0.673000 0.746224 0.574000
81 0.854985 0.087000 0.030211 0.054000
81 0.827795 0.056000 0.042296 0.032000
23 0.454683 0.568000 0.806647 0.864000