92 0.511000 0.338806 0.042000 0.032836
92 0.653000 0.368657 0.042000 0.050746
42 0.645000 0.471642 0.138000 0.149254
42 0.382000 0.420896 0.088000 0.232836
42 0.528000 0.447761 0.080000 0.149254
42 0.457000 0.449254 0.066000 0.200000
1 0.651000 0.547761 0.174000 0.408955
29 0.444000 0.623881 0.060000 0.167164
29 0.638000 0.631343 0.072000 0.176119
29 0.382000 0.674627 0.096000 0.286567
29 0.514000 0.613433 0.064000 0.182090
8 0.502000 0.264179 0.996000 0.522388
72 0.499000 0.759701 0.998000 0.456716
2 0.810000 0.437313 0.120000 0.588060
2 0.934000 0.626866 0.080000 0.250746
2 0.757000 0.628358 0.050000 0.200000
23 0.383000 0.537313 0.098000 0.567164
23 0.454000 0.507463 0.064000 0.441791
23 0.521000 0.525373 0.074000 0.400000