56 0.500000 0.574667 1.000000 0.850667
64 0.351000 0.709333 0.042000 0.026667
11 0.192000 0.846667 0.372000 0.285333
11 0.796000 0.306667 0.200000 0.160000
7 0.742000 0.905333 0.208000 0.184000
7 0.891000 0.326667 0.018000 0.072000
42 0.645000 0.160000 0.026000 0.042667
42 0.686000 0.165333 0.024000 0.037333
42 0.783000 0.172000 0.026000 0.045333
42 0.149000 0.473333 0.054000 0.152000
40 0.500000 0.888000 0.996000 0.122667
1 0.782000 0.624000 0.132000 0.485333
1 0.292000 0.562667 0.152000 0.394667
1 0.149000 0.548000 0.082000 0.370667
1 0.429000 0.532000 0.110000 0.376000
1 0.499000 0.570667 0.090000 0.405333
1 0.673000 0.556000 0.102000 0.413333
1 0.976000 0.266667 0.044000 0.165333
27 0.693000 0.162667 0.034000 0.048000
27 0.452000 0.188000 0.036000 0.136000
27 0.787000 0.172000 0.030000 0.050667
27 0.281000 0.141333 0.038000 0.117333
27 0.644000 0.157333 0.024000 0.048000
27 0.411000 0.192000 0.034000 0.128000
27 0.140000 0.118667 0.020000 0.040000
27 0.241000 0.109333 0.022000 0.058667
27 0.631000 0.157333 0.014000 0.042667
27 0.609000 0.064000 0.022000 0.048000
27 0.788000 0.057333 0.028000 0.050667
27 0.064000 0.146667 0.032000 0.133333
27 0.252000 0.068000 0.016000 0.034667
27 0.175000 0.168000 0.042000 0.122667
4 0.976000 0.240000 0.040000 0.074667
48 0.659000 0.745333 0.042000 0.018667
48 0.682000 0.746667 0.036000 0.021333