19 0.737000 0.487988 0.098000 0.207207
25 0.567000 0.361862 0.058000 0.051051
147 0.478000 0.337838 0.044000 0.051051
15 0.378000 0.803303 0.224000 0.381381
45 0.642000 0.336336 0.488000 0.606607
1 0.591000 0.515015 0.782000 0.969970
78 0.668000 0.764264 0.168000 0.291291
30 0.480000 0.411411 0.080000 0.144144
6 0.594000 0.507508 0.808000 0.966967
6 0.147000 0.656156 0.294000 0.669670
6 0.947000 0.641141 0.102000 0.699700
4 0.618000 0.828829 0.748000 0.300300
9 0.154000 0.103604 0.308000 0.201201
9 0.879000 0.103604 0.150000 0.051051
23 0.134000 0.642643 0.268000 0.678679