130 0.174658 0.099000 0.075342 0.062000
19 0.873288 0.445000 0.020548 0.022000
64 0.796804 0.698000 0.086758 0.052000
7 0.932648 0.697000 0.130137 0.598000
16 0.197489 0.028000 0.057078 0.036000
45 0.868721 0.423000 0.084475 0.054000
10 0.868721 0.435000 0.079909 0.078000
42 0.867580 0.522000 0.136986 0.140000
42 0.211187 0.072000 0.084475 0.072000
82 0.829909 0.650000 0.157534 0.148000
47 0.404110 0.620000 0.054795 0.084000
1 0.051370 0.248000 0.102740 0.328000
1 0.844749 0.611000 0.182648 0.426000
30 0.837900 0.435000 0.031963 0.030000
65 0.534247 0.632000 0.168950 0.120000
29 0.840183 0.701000 0.164384 0.258000
24 0.883562 0.632000 0.232877 0.724000
4 0.051370 0.197000 0.079909 0.138000
133 0.410959 0.917000 0.675799 0.166000
94 0.500000 0.504000 1.000000 0.992000
23 0.200913 0.061000 0.127854 0.098000