5 0.548000 0.581081 0.896000 0.423423
5 0.560000 0.567568 0.040000 0.132132
5 0.686000 0.587087 0.276000 0.165165
58 0.307000 0.229730 0.106000 0.117117
58 0.078000 0.214715 0.096000 0.147147
58 0.519000 0.141141 0.122000 0.210210
58 0.534000 0.132132 0.072000 0.102102
58 0.823000 0.091592 0.130000 0.111111
58 0.910000 0.349850 0.060000 0.069069
58 0.330000 0.166667 0.120000 0.177177
58 0.812000 0.048048 0.232000 0.084084
58 0.060000 0.384384 0.060000 0.090090
58 0.774000 0.075075 0.072000 0.072072
58 0.344000 0.253754 0.100000 0.111111
58 0.911000 0.375375 0.070000 0.060060
58 0.425000 0.117117 0.206000 0.120120
58 0.878000 0.462462 0.116000 0.096096
58 0.093000 0.277778 0.058000 0.081081
37 0.734000 0.121622 0.528000 0.219219
37 0.427000 0.163664 0.350000 0.207207
37 0.803000 0.064565 0.386000 0.123123
37 0.842000 0.270270 0.204000 0.378378
37 0.543000 0.130631 0.110000 0.261261
37 0.509000 0.222222 0.454000 0.150150
37 0.266000 0.243243 0.496000 0.480480
37 0.497000 0.285285 0.990000 0.570571
37 0.443000 0.243243 0.230000 0.222222
37 0.777000 0.331832 0.230000 0.411411
37 0.499000 0.530030 0.994000 0.225225
37 0.227000 0.144144 0.454000 0.288288
8 0.513000 0.309309 0.962000 0.480480
8 0.500000 0.330330 0.992000 0.660661
8 0.531000 0.268769 0.930000 0.369369