53 0.499000 0.323353 0.998000 0.646707
5 0.499000 0.414671 0.998000 0.428144
5 0.172000 0.330838 0.092000 0.122754
105 0.636000 0.467066 0.484000 0.449102
37 0.479000 0.170659 0.910000 0.329341
21 0.669000 0.491018 0.042000 0.215569
31 0.500000 0.764970 1.000000 0.470060
12 0.508000 0.341317 0.028000 0.023952
51 0.417000 0.279940 0.178000 0.110778
51 0.339000 0.419162 0.198000 0.083832
8 0.500000 0.175150 1.000000 0.350299
59 0.601000 0.511976 0.378000 0.047904
94 0.494000 0.447605 0.176000 0.404192
43 0.457000 0.432635 0.050000 0.098802