5 0.809000 0.533033 0.122000 0.501502
5 0.487000 0.545045 0.858000 0.567568
97 0.813000 0.490991 0.114000 0.075075
58 0.354000 0.650150 0.020000 0.075075
58 0.131000 0.496997 0.258000 0.465465
58 0.666000 0.608108 0.052000 0.039039
58 0.695000 0.654655 0.114000 0.042042
58 0.475000 0.645646 0.034000 0.066066
37 0.667000 0.594595 0.074000 0.090090
37 0.066000 0.193694 0.080000 0.141141
127 0.942000 0.566066 0.020000 0.039039
127 0.292000 0.381381 0.028000 0.030030
7 0.665000 0.549550 0.106000 0.156156
8 0.503000 0.289790 0.990000 0.561562
2 0.943000 0.764264 0.106000 0.285285
3 0.824000 0.581081 0.100000 0.327327
3 0.348000 0.749249 0.492000 0.117117
28 0.499000 0.924925 0.998000 0.138138