68 0.382000 0.778667 0.200000 0.250667
7 0.839000 0.441333 0.034000 0.093333
32 0.649000 0.034667 0.122000 0.069333
32 0.847000 0.750667 0.150000 0.125333
92 0.337000 0.301333 0.206000 0.240000
47 0.359000 0.310667 0.018000 0.029333
47 0.587000 0.765333 0.082000 0.085333
47 0.687000 0.780000 0.014000 0.045333
47 0.748000 0.781333 0.044000 0.032000
47 0.673000 0.778667 0.062000 0.080000
47 0.305000 0.301333 0.010000 0.016000
47 0.381000 0.313333 0.018000 0.024000
47 0.352000 0.324000 0.016000 0.018667
119 0.327000 0.314667 0.022000 0.016000
75 0.704000 0.626667 0.188000 0.208000
109 0.902000 0.628000 0.180000 0.290667
60 0.495000 0.498667 0.990000 0.997333
76 0.268000 0.790667 0.516000 0.365333