123 0.839450 0.213000 0.302752 0.182000
123 0.053517 0.721000 0.107034 0.478000
123 0.515291 0.479000 0.896024 0.946000
31 0.466361 0.943000 0.932722 0.086000
57 0.029052 0.750000 0.058104 0.056000
57 0.039755 0.607000 0.048930 0.054000
57 0.025994 0.868000 0.045872 0.064000
96 0.240061 0.193000 0.051988 0.106000
90 0.382263 0.259000 0.519878 0.042000
90 0.513761 0.728000 0.807339 0.120000
90 0.506116 0.349000 0.798165 0.110000
149 0.368502 0.481000 0.045872 0.070000
149 0.470948 0.491000 0.061162 0.038000
149 0.723242 0.485000 0.051988 0.066000
149 0.302752 0.726000 0.042813 0.072000
149 0.590214 0.721000 0.055046 0.066000
149 0.376147 0.835000 0.055046 0.074000
149 0.440367 0.843000 0.042813 0.086000
149 0.337920 0.719000 0.045872 0.062000
149 0.798165 0.490000 0.067278 0.064000
149 0.577982 0.079000 0.055046 0.074000
149 0.516820 0.077000 0.048930 0.074000
149 0.449541 0.072000 0.042813 0.076000
149 0.382263 0.066000 0.042813 0.084000
149 0.538226 0.477000 0.042813 0.074000
149 0.871560 0.195000 0.042813 0.094000
3 0.744648 0.214000 0.186544 0.032000