128 0.548000 0.432000 0.772000 0.426667
134 0.079000 0.340000 0.154000 0.216000
26 0.406000 0.158667 0.048000 0.152000
26 0.458000 0.148000 0.044000 0.136000
26 0.515000 0.137333 0.050000 0.120000
26 0.784000 0.237333 0.320000 0.208000
56 0.507000 0.589333 0.982000 0.800000
44 0.206000 0.946667 0.132000 0.058667
11 0.508000 0.610667 0.976000 0.773333
7 0.500000 0.704000 1.000000 0.581333
8 0.793000 0.410667 0.102000 0.133333
41 0.890000 0.245333 0.096000 0.058667
2 0.470000 0.108000 0.084000 0.216000
2 0.173000 0.254667 0.342000 0.509333
17 0.382000 0.117333 0.124000 0.234667
17 0.520000 0.106667 0.064000 0.186667
17 0.792000 0.062667 0.096000 0.098667