67 0.480427 0.529000 0.754448 0.754000
44 0.425267 0.856000 0.081851 0.044000
91 0.039146 0.383000 0.078292 0.170000
7 0.722420 0.237000 0.049822 0.018000
15 0.215302 0.417000 0.145907 0.070000
107 0.249110 0.278000 0.498221 0.268000
103 0.478648 0.683000 0.750890 0.286000
103 0.030249 0.435000 0.060498 0.054000
6 0.160142 0.386000 0.049822 0.064000
13 0.169039 0.186000 0.024911 0.372000
51 0.247331 0.164000 0.494662 0.036000
4 0.505338 0.425000 0.562278 0.258000
4 0.032028 0.373000 0.064057 0.078000
112 0.491103 0.857000 0.683274 0.098000
2 0.761566 0.260000 0.313167 0.168000
3 0.485765 0.757000 0.971530 0.190000
35 0.322064 0.799000 0.046263 0.034000
35 0.172598 0.538000 0.046263 0.032000
35 0.496441 0.770000 0.046263 0.032000