5 0.075000 0.512012 0.146000 0.141141
37 0.496000 0.175676 0.992000 0.321321
7 0.112000 0.926426 0.080000 0.129129
7 0.629000 0.807808 0.630000 0.372372
12 0.184000 0.352853 0.040000 0.045045
12 0.185000 0.270270 0.046000 0.054054
61 0.573000 0.462462 0.046000 0.036036
13 0.527000 0.367868 0.034000 0.051051
13 0.133000 0.454955 0.022000 0.081081
13 0.152000 0.487988 0.020000 0.063063
13 0.698000 0.429429 0.008000 0.048048
13 0.915000 0.391892 0.022000 0.111111
13 0.185000 0.406907 0.046000 0.363363
13 0.119000 0.828829 0.066000 0.204204
13 0.015000 0.400901 0.030000 0.225225
8 0.042000 0.081081 0.040000 0.036036
8 0.499000 0.225225 0.922000 0.390390
133 0.128000 0.659159 0.256000 0.201201
133 0.499000 0.762763 0.998000 0.462462
94 0.455000 0.516517 0.414000 0.288288
94 0.817000 0.518018 0.358000 0.159159