67 0.279000 0.499000 0.546000 0.998000
5 0.076000 0.247000 0.148000 0.134000
130 0.262000 0.444000 0.516000 0.544000
19 0.608000 0.667000 0.088000 0.138000
25 0.295000 0.092000 0.026000 0.016000
25 0.236000 0.091000 0.032000 0.014000
25 0.759000 0.729000 0.070000 0.034000
16 0.256000 0.103000 0.212000 0.206000
142 0.340000 0.584000 0.172000 0.096000
10 0.255000 0.099000 0.214000 0.198000
103 0.344000 0.794000 0.404000 0.408000
30 0.268000 0.118000 0.036000 0.032000
71 0.309000 0.484000 0.094000 0.064000
98 0.755000 0.471000 0.490000 0.146000
4 0.299000 0.379000 0.126000 0.334000
2 0.543000 0.188000 0.390000 0.376000
28 0.747000 0.471000 0.506000 0.214000
104 0.301000 0.380000 0.114000 0.140000