101 0.176000 0.198198 0.032000 0.024024
91 0.854000 0.336336 0.028000 0.126126
96 0.015000 0.091592 0.026000 0.027027
142 0.065000 0.304805 0.014000 0.015015
45 0.457000 0.273273 0.050000 0.060060
10 0.460000 0.291291 0.052000 0.090090
103 0.362000 0.500000 0.172000 0.249249
12 0.572000 0.078078 0.020000 0.024024
1 0.132000 0.349850 0.104000 0.363363
1 0.049000 0.307808 0.098000 0.537538
1 0.257000 0.331832 0.050000 0.195195
27 0.186000 0.276276 0.348000 0.378378
6 0.068000 0.322823 0.080000 0.429429
6 0.737000 0.322823 0.026000 0.141141
62 0.579000 0.136637 0.038000 0.267267
3 0.805000 0.363363 0.026000 0.024024
35 0.245000 0.492492 0.014000 0.018018