77 0.806000 0.653333 0.108000 0.053333
77 0.331000 0.718667 0.090000 0.056000
77 0.765000 0.664000 0.110000 0.032000
77 0.182000 0.750667 0.228000 0.061333
77 0.663000 0.672000 0.102000 0.026667
77 0.531000 0.645333 0.054000 0.037333
54 0.285000 0.958667 0.014000 0.050667
5 0.568000 0.570667 0.136000 0.069333
7 0.216000 0.853333 0.432000 0.293333
12 0.151000 0.138667 0.054000 0.064000
13 0.149000 0.574667 0.046000 0.824000
24 0.188000 0.922667 0.180000 0.128000
9 0.136000 0.401333 0.108000 0.146667
9 0.136000 0.490667 0.108000 0.048000
8 0.497000 0.118667 0.994000 0.232000
28 0.508000 0.786667 0.984000 0.426667