83 0.765000 0.911411 0.346000 0.177177
83 0.187000 0.540541 0.142000 0.084084
20 0.597000 0.372372 0.230000 0.132132
20 0.496000 0.495495 0.992000 0.990991
106 0.481000 0.572072 0.342000 0.639640
19 0.418000 0.318318 0.056000 0.126126
99 0.830000 0.839339 0.032000 0.033033
26 0.205000 0.339339 0.226000 0.084084
31 0.310000 0.878378 0.088000 0.225225
7 0.657000 0.322823 0.062000 0.153153
70 0.347000 0.463964 0.054000 0.063063
69 0.788000 0.606607 0.040000 0.114114
69 0.604000 0.372372 0.020000 0.042042
69 0.692000 0.648649 0.028000 0.048048
69 0.796000 0.246246 0.024000 0.048048
69 0.156000 0.554054 0.040000 0.063063
69 0.616000 0.414414 0.028000 0.036036
9 0.932000 0.111111 0.092000 0.222222
17 0.124000 0.340841 0.076000 0.069069
0 0.568000 0.262763 0.316000 0.357357