7 0.544000 0.501880 0.044000 0.169173
118 0.314000 0.569549 0.016000 0.026316
118 0.446000 0.567669 0.016000 0.030075
22 0.111000 0.486842 0.050000 0.093985
61 0.661000 0.516917 0.018000 0.041353
13 0.955000 0.699248 0.010000 0.180451
131 0.788000 0.932331 0.040000 0.045113
9 0.952000 0.571429 0.044000 0.082707
94 0.570000 0.507519 0.616000 0.548872
2 0.919000 0.387218 0.158000 0.526316
2 0.076000 0.631579 0.100000 0.240602
2 0.061000 0.451128 0.098000 0.240602
0 0.525000 0.342105 0.054000 0.082707
0 0.376000 0.355263 0.136000 0.116541