77 0.494000 0.486301 0.684000 0.304110
37 0.777000 0.293151 0.438000 0.230137
127 0.145000 0.257534 0.046000 0.054795
114 0.371000 0.589041 0.214000 0.235616
114 0.413000 0.571233 0.174000 0.254795
42 0.655000 0.430137 0.086000 0.060274
42 0.458000 0.382192 0.044000 0.063014
42 0.403000 0.394521 0.046000 0.076712
42 0.314000 0.394521 0.048000 0.071233
42 0.348000 0.417808 0.032000 0.068493
42 0.073000 0.572603 0.058000 0.087671
42 0.125000 0.569863 0.050000 0.071233
1 0.311000 0.395890 0.054000 0.106849
1 0.405000 0.400000 0.050000 0.115068
1 0.451000 0.400000 0.054000 0.126027
1 0.344000 0.415068 0.040000 0.079452
1 0.652000 0.428767 0.092000 0.084932
1 0.058000 0.604110 0.108000 0.205479
30 0.495000 0.528767 0.010000 0.016438
30 0.472000 0.554795 0.012000 0.013699
13 0.605000 0.435616 0.010000 0.082192
13 0.141000 0.291781 0.046000 0.134247
148 0.373000 0.875342 0.470000 0.205479
8 0.499000 0.272603 0.998000 0.545205
28 0.501000 0.753425 0.994000 0.493151