86 0.793000 0.676205 0.046000 0.027108
123 0.364000 0.444277 0.128000 0.135542
136 0.532000 0.150602 0.832000 0.295181
33 0.860000 0.742470 0.072000 0.177711
33 0.765000 0.637048 0.046000 0.033133
89 0.556000 0.820783 0.380000 0.340361
89 0.765000 0.670181 0.254000 0.123494
7 0.716000 0.483434 0.060000 0.165663
120 0.214000 0.381024 0.032000 0.057229
120 0.185000 0.364458 0.046000 0.078313
120 0.245000 0.393072 0.034000 0.051205
124 0.519000 0.600904 0.102000 0.033133
3 0.745000 0.480422 0.130000 0.340361
3 0.216000 0.230422 0.200000 0.310241
3 0.865000 0.534639 0.162000 0.575301
3 0.654000 0.338855 0.124000 0.093373
0 0.501000 0.477410 0.182000 0.207831
0 0.932000 0.448795 0.024000 0.313253