20 0.795000 0.948949 0.030000 0.030030
20 0.688000 0.800300 0.028000 0.027027
20 0.501000 0.914414 0.030000 0.057057
20 0.147000 0.642643 0.030000 0.024024
20 0.583000 0.896396 0.034000 0.057057
20 0.172000 0.585586 0.020000 0.018018
20 0.738000 0.857357 0.044000 0.045045
20 0.403000 0.651652 0.022000 0.018018
20 0.423000 0.915916 0.030000 0.054054
20 0.138000 0.782282 0.024000 0.021021
20 0.313000 0.852853 0.034000 0.054054
20 0.550000 0.773273 0.024000 0.039039
20 0.487000 0.855856 0.026000 0.048048
20 0.546000 0.771772 0.024000 0.036036
20 0.633000 0.833333 0.038000 0.039039
20 0.233000 0.644144 0.034000 0.015015
20 0.486000 0.854354 0.016000 0.033033
20 0.496000 0.825826 0.016000 0.030030
20 0.668000 0.875375 0.020000 0.027027
20 0.562000 0.819820 0.024000 0.030030
20 0.411000 0.870871 0.026000 0.054054
20 0.465000 0.918919 0.030000 0.048048
20 0.677000 0.782282 0.034000 0.021021
20 0.427000 0.918919 0.022000 0.072072
20 0.236000 0.587087 0.024000 0.021021
7 0.878000 0.495495 0.032000 0.072072
51 0.235000 0.474474 0.454000 0.054054
8 0.503000 0.154655 0.990000 0.303303
3 0.620000 0.300300 0.204000 0.114114
135 0.234000 0.319820 0.468000 0.345345