53 0.628000 0.367868 0.732000 0.711712
83 0.130000 0.695195 0.040000 0.093093
101 0.309000 0.582583 0.026000 0.018018
15 0.340000 0.734234 0.016000 0.033033
118 0.588000 0.621622 0.012000 0.012012
118 0.553000 0.624625 0.010000 0.012012
107 0.795000 0.564565 0.086000 0.120120
29 0.310000 0.780781 0.052000 0.162162
4 0.304000 0.660661 0.088000 0.102102
112 0.307000 0.873874 0.022000 0.030030
8 0.631000 0.285285 0.738000 0.570571
133 0.694000 0.806306 0.604000 0.387387
2 0.737000 0.563063 0.058000 0.117117
0 0.572000 0.584084 0.044000 0.045045
43 0.080000 0.566066 0.124000 0.207207