128 0.704000 0.444000 0.104000 0.242667
33 0.216000 0.550667 0.212000 0.424000
89 0.080000 0.480000 0.160000 0.458667
139 0.224000 0.756000 0.364000 0.205333
147 0.442000 0.265333 0.020000 0.018667
36 0.447000 0.286667 0.094000 0.146667
31 0.217000 0.786667 0.434000 0.421333
57 0.808000 0.493333 0.212000 0.976000
96 0.455000 0.264000 0.118000 0.053333
7 0.403000 0.784000 0.806000 0.432000
15 0.426000 0.394667 0.068000 0.090667
1 0.564000 0.578667 0.356000 0.848000
69 0.741000 0.822667 0.054000 0.077333
109 0.649000 0.818667 0.238000 0.309333
124 0.587000 0.229333 0.158000 0.085333
50 0.402000 0.788000 0.804000 0.418667
3 0.439000 0.249333 0.750000 0.498667
0 0.831000 0.500000 0.302000 1.000000