95 0.652000 0.077000 0.048000 0.030000
57 0.474000 0.496000 0.132000 0.092000
57 0.850000 0.700000 0.144000 0.120000
1 0.479000 0.260000 0.310000 0.452000
6 0.627000 0.250000 0.154000 0.208000
132 0.768000 0.425000 0.400000 0.170000
132 0.857000 0.391000 0.218000 0.090000
132 0.580000 0.695000 0.528000 0.222000
132 0.210000 0.640000 0.320000 0.264000
132 0.771000 0.417000 0.386000 0.154000
132 0.863000 0.388000 0.202000 0.084000
132 0.216000 0.639000 0.320000 0.266000
132 0.583000 0.700000 0.530000 0.200000
4 0.911000 0.203000 0.134000 0.166000
4 0.417000 0.325000 0.174000 0.270000
4 0.450000 0.321000 0.232000 0.330000
141 0.429000 0.287000 0.138000 0.094000
18 0.501000 0.715000 0.938000 0.510000
18 0.743000 0.491000 0.446000 0.278000
18 0.859000 0.394000 0.214000 0.096000
3 0.680000 0.113000 0.148000 0.162000