115 0.528000 0.617117 0.180000 0.099099
67 0.563000 0.379880 0.190000 0.513514
37 0.190000 0.448949 0.380000 0.237237
99 0.544000 0.612613 0.040000 0.018018
56 0.285000 0.869369 0.566000 0.261261
31 0.862000 0.711712 0.264000 0.150150
11 0.285000 0.851351 0.570000 0.291291
7 0.892000 0.367868 0.036000 0.075075
7 0.876000 0.579580 0.060000 0.096096
10 0.540000 0.181682 0.064000 0.117117
146 0.135000 0.651652 0.270000 0.042042
69 0.852000 0.741742 0.036000 0.054054
69 0.656000 0.465465 0.012000 0.060060
69 0.702000 0.807808 0.028000 0.054054
69 0.612000 0.708709 0.032000 0.054054
69 0.354000 0.843844 0.020000 0.030030
69 0.413000 0.912913 0.018000 0.036036
4 0.567000 0.309309 0.166000 0.210210
8 0.500000 0.337838 0.992000 0.651652
17 0.301000 0.714715 0.482000 0.036036
3 0.754000 0.807808 0.488000 0.384384
28 0.295000 0.686186 0.582000 0.045045
35 0.602000 0.659159 0.016000 0.021021