5 0.868000 0.297333 0.256000 0.546667
5 0.664000 0.345333 0.152000 0.349333
105 0.411000 0.470667 0.230000 0.242667
20 0.195000 0.565333 0.094000 0.112000
20 0.558000 0.557333 0.072000 0.080000
7 0.825000 0.692000 0.202000 0.056000
22 0.586000 0.326667 0.024000 0.061333
13 0.776000 0.620000 0.052000 0.125333
60 0.574000 0.796000 0.852000 0.370667
2 0.693000 0.301333 0.270000 0.602667
2 0.088000 0.452000 0.176000 0.904000
2 0.550000 0.268000 0.156000 0.536000
2 0.923000 0.318667 0.154000 0.637333
2 0.213000 0.338667 0.066000 0.368000
84 0.088000 0.498667 0.164000 0.773333
84 0.667000 0.501333 0.050000 0.192000
84 0.554000 0.458667 0.040000 0.144000
84 0.952000 0.502667 0.064000 0.269333
0 0.832000 0.442667 0.032000 0.101333
0 0.790000 0.446667 0.028000 0.093333
43 0.806000 0.292000 0.080000 0.098667