110 0.529000 0.519520 0.138000 0.306306
110 0.634000 0.417417 0.112000 0.186186
110 0.888000 0.484985 0.200000 0.195195
110 0.326000 0.525526 0.164000 0.204204
110 0.098000 0.477477 0.196000 0.282282
56 0.896000 0.762763 0.204000 0.372372
11 0.894000 0.749249 0.196000 0.321321
11 0.061000 0.638138 0.110000 0.153153
7 0.873000 0.539039 0.146000 0.111111
7 0.709000 0.315315 0.098000 0.120120
55 0.432000 0.710210 0.864000 0.579580
8 0.500000 0.189189 1.000000 0.378378
60 0.428000 0.710210 0.856000 0.579580
2 0.471000 0.201201 0.562000 0.402402
2 0.857000 0.205706 0.286000 0.411411
2 0.241000 0.207207 0.446000 0.414414
2 0.475000 0.277778 0.158000 0.189189