87 0.226727 0.663000 0.051051 0.030000
87 0.600601 0.248000 0.048048 0.036000
87 0.863363 0.490000 0.027027 0.024000
87 0.370871 0.417000 0.051051 0.038000
21 0.103604 0.500000 0.207207 1.000000
21 0.378378 0.354000 0.234234 0.516000
31 0.522523 0.877000 0.696697 0.242000
7 0.896396 0.252000 0.039039 0.032000
124 0.770270 0.617000 0.207207 0.086000
3 0.608108 0.151000 0.177177 0.102000
3 0.752252 0.486000 0.483483 0.952000
3 0.328829 0.438000 0.405405 0.712000
3 0.336336 0.244000 0.384384 0.312000
3 0.849850 0.428000 0.294294 0.568000