7 0.829000 0.555556 0.154000 0.126126
47 0.084000 0.512012 0.028000 0.099099
47 0.010000 0.543544 0.020000 0.084084
47 0.033000 0.537538 0.046000 0.084084
47 0.125000 0.515015 0.030000 0.063063
47 0.149000 0.507508 0.026000 0.066066
47 0.104000 0.510511 0.016000 0.096096
47 0.122000 0.513514 0.028000 0.066066
47 0.033000 0.533033 0.034000 0.075075
47 0.150000 0.507508 0.028000 0.066066
47 0.175000 0.493994 0.030000 0.093093
47 0.192000 0.496997 0.020000 0.063063
34 0.577000 0.825826 0.834000 0.336336
18 0.124000 0.852853 0.240000 0.276276
149 0.388000 0.174174 0.132000 0.348348
149 0.587000 0.217718 0.246000 0.435435