26 0.682000 0.316817 0.636000 0.219219
64 0.919000 0.387387 0.030000 0.030030
11 0.888000 0.189189 0.212000 0.090090
15 0.468000 0.555556 0.040000 0.066066
142 0.824000 0.030030 0.016000 0.036036
92 0.433000 0.629129 0.082000 0.135135
119 0.421000 0.094595 0.018000 0.033033
1 0.830000 0.252252 0.080000 0.504505
1 0.590000 0.540541 0.280000 0.876877
1 0.949000 0.264264 0.098000 0.330330
27 0.284000 0.217718 0.208000 0.231231
6 0.457000 0.234234 0.066000 0.252252
4 0.838000 0.204204 0.056000 0.162162
4 0.540000 0.186186 0.044000 0.108108
4 0.605000 0.397898 0.218000 0.375375
9 0.473000 0.078078 0.030000 0.060060
59 0.609000 0.762763 0.058000 0.072072