77 0.236000 0.502994 0.180000 0.065868
77 0.903000 0.507485 0.098000 0.050898
77 0.976000 0.502994 0.040000 0.047904
67 0.777000 0.559880 0.246000 0.862275
58 0.673000 0.124251 0.214000 0.086826
58 0.357000 0.305389 0.266000 0.179641
58 0.867000 0.163174 0.090000 0.086826
7 0.792000 0.612275 0.072000 0.080838
16 0.789000 0.184132 0.046000 0.080838
10 0.797000 0.205090 0.074000 0.140719
1 0.113000 0.636228 0.126000 0.404192
78 0.126000 0.519461 0.040000 0.032934
78 0.791000 0.257485 0.054000 0.041916
27 0.193000 0.594311 0.018000 0.044910
6 0.039000 0.585329 0.018000 0.032934
6 0.057000 0.604790 0.018000 0.029940
6 0.207000 0.595808 0.022000 0.035928
98 0.724000 0.923653 0.536000 0.140719
66 0.788000 0.670659 0.116000 0.269461
8 0.499000 0.248503 0.998000 0.497006