68 0.464000 0.741018 0.036000 0.110778
88 0.815000 0.766467 0.370000 0.167665
105 0.504000 0.531437 0.948000 0.380240
101 0.710000 0.531437 0.028000 0.026946
21 0.441000 0.562874 0.122000 0.257485
7 0.500000 0.806886 1.000000 0.392216
13 0.736000 0.830838 0.052000 0.290419
63 0.038000 0.802395 0.076000 0.131737
4 0.529000 0.580838 0.050000 0.113772
9 0.786000 0.456587 0.064000 0.020958
76 0.238000 0.654192 0.092000 0.122754
0 0.788000 0.486527 0.116000 0.110778
23 0.719000 0.606287 0.054000 0.176647
23 0.940000 0.583832 0.052000 0.197605