88 0.973214 0.412000 0.044643 0.020000
88 0.834821 0.414000 0.044643 0.020000
77 0.536830 0.752000 0.457589 0.280000
77 0.802455 0.637000 0.395089 0.150000
77 0.297991 0.820000 0.363839 0.352000
5 0.697545 0.346000 0.243304 0.164000
127 0.296875 0.614000 0.035714 0.036000
27 0.848214 0.409000 0.022321 0.026000
2 0.168527 0.312000 0.046875 0.192000
17 0.333705 0.327000 0.020089 0.050000
28 0.489955 0.498000 0.176339 0.128000
0 0.751116 0.322000 0.020089 0.024000
104 0.353795 0.903000 0.100446 0.034000