53 0.500000 0.503003 1.000000 0.993994
73 0.913000 0.578078 0.110000 0.081081
73 0.967000 0.744745 0.066000 0.156156
12 0.728000 0.190691 0.028000 0.027027
12 0.116000 0.091592 0.036000 0.063063
12 0.297000 0.130631 0.038000 0.045045
12 0.788000 0.123123 0.028000 0.048048
12 0.651000 0.187688 0.030000 0.033033
55 0.412000 0.549550 0.812000 0.888889
49 0.774000 0.761261 0.320000 0.465465
49 0.815000 0.750751 0.130000 0.450450
9 0.233000 0.301802 0.106000 0.261261
9 0.575000 0.075075 0.030000 0.036036
8 0.500000 0.117117 0.992000 0.222222
8 0.503000 0.133634 0.950000 0.255255
8 0.498000 0.198198 0.984000 0.390390
125 0.027000 0.376877 0.054000 0.105105