136 0.405000 0.041543 0.378000 0.065282
33 0.787000 0.673591 0.122000 0.290801
31 0.250000 0.842730 0.352000 0.284866
31 0.759000 0.860534 0.450000 0.272997
12 0.734000 0.338279 0.020000 0.035608
12 0.092000 0.424332 0.080000 0.136499
75 0.594000 0.366469 0.256000 0.252226
29 0.267000 0.608309 0.142000 0.183976
93 0.532000 0.480712 0.140000 0.047478
93 0.651000 0.517804 0.146000 0.091988
93 0.718000 0.689911 0.072000 0.181009
55 0.094000 0.416914 0.072000 0.074184
3 0.589000 0.391691 0.454000 0.741840
3 0.087000 0.357567 0.070000 0.038576
0 0.188000 0.402077 0.356000 0.750742