5 0.429000 0.478667 0.074000 0.093333
5 0.348000 0.550667 0.468000 0.424000
5 0.713000 0.609333 0.034000 0.125333
5 0.502000 0.534667 0.056000 0.056000
105 0.625000 0.670667 0.074000 0.045333
105 0.393000 0.692000 0.290000 0.168000
58 0.373000 0.078667 0.110000 0.146667
58 0.633000 0.276000 0.350000 0.136000
7 0.379000 0.874667 0.758000 0.245333
118 0.320000 0.730667 0.016000 0.005333
118 0.632000 0.705333 0.008000 0.008000
118 0.254000 0.738667 0.008000 0.010667
12 0.512000 0.726667 0.012000 0.018667
12 0.046000 0.596000 0.048000 0.365333
27 0.090000 0.725333 0.068000 0.064000
13 0.056000 0.488000 0.020000 0.144000
13 0.204000 0.552000 0.028000 0.453333
13 0.867000 0.500000 0.146000 1.000000
13 0.439000 0.514667 0.022000 0.192000
13 0.773000 0.590667 0.042000 0.370667
55 0.376000 0.853333 0.752000 0.293333
49 0.066000 0.744000 0.124000 0.037333
49 0.882000 0.884000 0.228000 0.221333
9 0.055000 0.521333 0.074000 0.034667
60 0.378000 0.837333 0.756000 0.320000
35 0.391000 0.742667 0.026000 0.061333
35 0.502000 0.734667 0.016000 0.050667
43 0.307000 0.508000 0.046000 0.104000