53 0.751000 0.544192 0.198000 0.194444
53 0.414000 0.377525 0.052000 0.053030
105 0.423000 0.522727 0.618000 0.757576
58 0.715000 0.113636 0.490000 0.222222
58 0.774000 0.357323 0.112000 0.058081
58 0.173000 0.285354 0.346000 0.267677
130 0.887000 0.713384 0.090000 0.093434
11 0.495000 0.803030 0.982000 0.378788
146 0.741000 0.522727 0.178000 0.040404
103 0.769000 0.806818 0.070000 0.148990
12 0.506000 0.751263 0.024000 0.037879
12 0.705000 0.743687 0.018000 0.032828
1 0.771000 0.763889 0.078000 0.229798
1 0.884000 0.762626 0.096000 0.237374
51 0.902000 0.518939 0.196000 0.093434
24 0.083000 0.821970 0.154000 0.148990
48 0.866000 0.872475 0.032000 0.012626
9 0.610000 0.409091 0.120000 0.045455
8 0.502000 0.268939 0.996000 0.522727
76 0.430000 0.810606 0.092000 0.181818
125 0.708000 0.613636 0.092000 0.055556
35 0.169000 0.710859 0.030000 0.108586
0 0.340000 0.563131 0.060000 0.085859
0 0.281000 0.560606 0.050000 0.075758
0 0.211000 0.558081 0.038000 0.065657
0 0.357000 0.282828 0.066000 0.101010