67 0.500000 0.500000 1.000000 1.000000
87 0.542042 0.568000 0.051051 0.032000
97 0.477477 0.273000 0.762763 0.526000
19 0.809309 0.266000 0.075075 0.152000
25 0.357357 0.363000 0.138138 0.074000
25 0.597598 0.310000 0.168168 0.076000
36 0.503003 0.335000 0.567568 0.414000
140 0.651652 0.911000 0.462462 0.178000
16 0.474474 0.163000 0.708709 0.326000
15 0.201201 0.799000 0.402402 0.310000
15 0.687688 0.845000 0.582583 0.306000
10 0.483483 0.269000 0.732733 0.534000
70 0.548048 0.486000 0.189189 0.052000
30 0.506006 0.393000 0.147147 0.126000
98 0.328829 0.749000 0.129129 0.054000
4 0.498498 0.719000 0.996997 0.562000
59 0.530030 0.612000 0.549550 0.100000
81 0.500000 0.715000 1.000000 0.570000