95 0.100000 0.088000 0.036000 0.016000
95 0.117000 0.108000 0.042000 0.016000
95 0.138000 0.127000 0.036000 0.014000
95 0.154000 0.146000 0.040000 0.020000
95 0.174000 0.163000 0.036000 0.022000
5 0.491000 0.230000 0.958000 0.428000
101 0.411000 0.600000 0.026000 0.024000
101 0.582000 0.588000 0.036000 0.048000
122 0.762000 0.157000 0.052000 0.258000
11 0.710000 0.628000 0.172000 0.260000
11 0.204000 0.679000 0.272000 0.162000
7 0.227000 0.670000 0.226000 0.196000
7 0.764000 0.472000 0.100000 0.104000
7 0.765000 0.658000 0.114000 0.052000
146 0.564000 0.512000 0.768000 0.144000
49 0.857000 0.858000 0.238000 0.152000
49 0.111000 0.876000 0.162000 0.112000
49 0.478000 0.868000 0.140000 0.148000
81 0.497000 0.515000 0.134000 0.062000
0 0.733000 0.223000 0.106000 0.398000
0 0.921000 0.190000 0.078000 0.336000