68 0.345000 0.384000 0.118000 0.136000
86 0.641000 0.412000 0.110000 0.060000
136 0.500000 0.080000 0.928000 0.088000
33 0.460000 0.641000 0.248000 0.406000
33 0.631000 0.617000 0.242000 0.378000
33 0.821000 0.596000 0.174000 0.344000
33 0.925000 0.595000 0.082000 0.290000
89 0.522000 0.444000 0.892000 0.088000
31 0.501000 0.775000 0.930000 0.390000
102 0.476000 0.147000 0.072000 0.058000
102 0.671000 0.169000 0.066000 0.054000
102 0.841000 0.182000 0.058000 0.048000
12 0.841000 0.121000 0.058000 0.174000
12 0.671000 0.115000 0.066000 0.162000
12 0.474000 0.106000 0.080000 0.140000
111 0.145000 0.243000 0.054000 0.070000
111 0.193000 0.253000 0.042000 0.074000
111 0.141000 0.306000 0.042000 0.052000
9 0.807000 0.129000 0.118000 0.062000
124 0.741000 0.411000 0.102000 0.010000
18 0.525000 0.588000 0.886000 0.412000
0 0.804000 0.260000 0.192000 0.212000
104 0.345000 0.393000 0.046000 0.074000