77 0.490000 0.726316 0.760000 0.414035
36 0.521000 0.324561 0.042000 0.080702
91 0.598000 0.400000 0.144000 0.554386
91 0.517000 0.445614 0.210000 0.505263
96 0.518000 0.301754 0.056000 0.035088
7 0.766000 0.629825 0.088000 0.178947
32 0.246000 0.589474 0.216000 0.196491
1 0.665000 0.335088 0.166000 0.564912
4 0.538000 0.498246 0.140000 0.280702
4 0.686000 0.350877 0.124000 0.280702
66 0.323000 0.633333 0.138000 0.080702
28 0.826000 0.229825 0.244000 0.129825
28 0.362000 0.861404 0.720000 0.242105