67 0.424925 0.384000 0.585586 0.768000
33 0.869369 0.454000 0.261261 0.416000
33 0.222222 0.568000 0.324324 0.368000
144 0.587087 0.795000 0.723724 0.406000
36 0.500000 0.204000 0.285285 0.208000
16 0.495495 0.080000 0.360360 0.160000
32 0.253754 0.235000 0.123123 0.018000
10 0.496997 0.158000 0.357357 0.312000
143 0.666667 0.204000 0.054054 0.044000
143 0.747748 0.204000 0.054054 0.048000
30 0.507508 0.229000 0.060060 0.050000
4 0.426426 0.458000 0.594595 0.376000
18 0.507508 0.831000 0.978979 0.334000