5 0.538005 0.773000 0.230404 0.442000
5 0.244656 0.820000 0.066508 0.352000
5 0.812352 0.532000 0.375297 0.776000
5 0.362233 0.801000 0.178147 0.378000
5 0.136580 0.798000 0.273159 0.404000
5 0.679335 0.777000 0.617577 0.446000
5 0.399050 0.837000 0.123515 0.318000
127 0.054632 0.790000 0.014252 0.040000
7 0.864608 0.235000 0.038005 0.022000
7 0.910926 0.283000 0.178147 0.106000
7 0.837292 0.325000 0.087886 0.098000
47 0.751781 0.792000 0.049881 0.168000
71 0.888361 0.841000 0.147268 0.102000
13 0.273159 0.734000 0.038005 0.532000
13 0.627078 0.491000 0.123515 0.774000
9 0.560570 0.889000 0.090261 0.086000
9 0.679335 0.890000 0.057007 0.024000
9 0.760095 0.777000 0.114014 0.222000
8 0.438242 0.166000 0.567696 0.244000
60 0.327791 0.929000 0.655582 0.078000
0 0.919240 0.710000 0.047506 0.072000
0 0.722090 0.546000 0.028504 0.056000
0 0.561758 0.801000 0.030879 0.086000
0 0.790974 0.539000 0.028504 0.062000
0 0.793349 0.766000 0.028504 0.064000
0 0.909739 0.556000 0.076010 0.068000
0 0.912114 0.465000 0.061758 0.070000
0 0.850356 0.717000 0.023753 0.082000
0 0.698337 0.754000 0.019002 0.080000
0 0.716152 0.758000 0.016627 0.060000
43 0.489311 0.799000 0.047506 0.098000
43 0.749406 0.557000 0.026128 0.050000
104 0.347981 0.922000 0.064133 0.056000