53 0.771000 0.138667 0.430000 0.250667
5 0.575000 0.142667 0.842000 0.258667
106 0.313000 0.714667 0.626000 0.570667
26 0.513000 0.498667 0.970000 0.997333
7 0.184000 0.437333 0.096000 0.133333
7 0.061000 0.756000 0.102000 0.120000
7 0.565000 0.477333 0.110000 0.106667
7 0.539000 0.948000 0.226000 0.093333
7 0.266000 0.294667 0.164000 0.120000
16 0.360000 0.609333 0.128000 0.200000
114 0.444000 0.254667 0.260000 0.445333
114 0.795000 0.485333 0.406000 0.666667
42 0.088000 0.222667 0.172000 0.440000
103 0.063000 0.669333 0.122000 0.522667
1 0.094000 0.466667 0.176000 0.928000
3 0.900000 0.402667 0.044000 0.085333
0 0.892000 0.086667 0.068000 0.136000