5 0.118667 0.172000 0.040000 0.140000
5 0.344000 0.195000 0.042667 0.134000
26 0.500000 0.313000 1.000000 0.126000
56 0.501333 0.365000 0.992000 0.062000
103 0.496000 0.261000 0.240000 0.246000
14 0.458667 0.275000 0.165333 0.218000
85 0.816000 0.052000 0.154667 0.024000
1 0.526667 0.212000 0.429333 0.424000
13 0.816000 0.205000 0.016000 0.278000
48 0.365333 0.398000 0.112000 0.052000
48 0.569333 0.302000 0.072000 0.056000
8 0.500000 0.134000 1.000000 0.264000
2 0.090667 0.281000 0.096000 0.138000