5 0.417000 0.407186 0.834000 0.604790
36 0.307000 0.435629 0.050000 0.116766
26 0.726000 0.631737 0.404000 0.263473
56 0.499000 0.799401 0.998000 0.401198
11 0.484000 0.848802 0.324000 0.140719
16 0.316000 0.398204 0.068000 0.107784
22 0.639000 0.812874 0.186000 0.050898
120 0.759000 0.841317 0.178000 0.209581
63 0.898000 0.684132 0.208000 0.158683
63 0.645000 0.552395 0.042000 0.038922
8 0.499000 0.321856 0.998000 0.643713
41 0.467000 0.654192 0.062000 0.266467
2 0.197000 0.449102 0.134000 0.383234
2 0.805000 0.447605 0.246000 0.278443