88 0.601493 0.591000 0.797015 0.206000
73 0.500000 0.809000 1.000000 0.378000
19 0.349254 0.264000 0.035821 0.028000
15 0.479104 0.343000 0.050746 0.038000
45 0.365672 0.228000 0.140299 0.032000
10 0.365672 0.250000 0.134328 0.080000
42 0.344776 0.432000 0.217910 0.268000
29 0.349254 0.600000 0.125373 0.096000
24 0.422388 0.579000 0.080597 0.158000
4 0.388060 0.381000 0.101493 0.146000
8 0.497015 0.126000 0.994030 0.248000
52 0.347761 0.305000 0.313433 0.310000
28 0.500000 0.442000 1.000000 0.376000
23 0.365672 0.425000 0.283582 0.442000