53 0.500000 0.159159 0.960000 0.318318
107 0.558000 0.265766 0.052000 0.039039
107 0.318000 0.253754 0.036000 0.027027
107 0.629000 0.174174 0.034000 0.030030
107 0.490000 0.195195 0.036000 0.030030
107 0.793000 0.157658 0.054000 0.033033
107 0.370000 0.258258 0.060000 0.036036
107 0.228000 0.235736 0.040000 0.039039
1 0.504000 0.403904 0.056000 0.279279
29 0.505000 0.447447 0.042000 0.126126
6 0.687000 0.468468 0.074000 0.366366
6 0.028000 0.388889 0.040000 0.111111
6 0.720000 0.521021 0.200000 0.531532
6 0.446000 0.669670 0.168000 0.336336
6 0.515000 0.629129 0.178000 0.291291
148 0.496000 0.663664 0.992000 0.666667
17 0.373000 0.109610 0.102000 0.099099
3 0.554000 0.393393 0.348000 0.282282
28 0.499000 0.474474 0.998000 0.306306