101 0.872372 0.462000 0.027027 0.016000
7 0.860360 0.824000 0.279279 0.352000
15 0.415916 0.587000 0.015015 0.014000
10 0.372372 0.572000 0.030030 0.024000
10 0.870871 0.465000 0.030030 0.030000
22 0.777778 0.314000 0.120120 0.132000
1 0.878378 0.533000 0.093093 0.162000
1 0.369369 0.636000 0.096096 0.156000
27 0.611111 0.579000 0.621622 0.274000
13 0.321321 0.669000 0.030030 0.086000
13 0.414414 0.637000 0.012012 0.098000
8 0.500000 0.184000 1.000000 0.368000
72 0.500000 0.597000 1.000000 0.802000
2 0.737237 0.306000 0.417417 0.608000