115 0.684810 0.805000 0.620253 0.110000
25 0.537975 0.205000 0.017722 0.006000
138 0.512658 0.325000 0.113924 0.062000
138 0.444304 0.321000 0.073418 0.058000
7 0.858228 0.275000 0.040506 0.034000
15 0.445570 0.317000 0.070886 0.054000
15 0.508861 0.325000 0.106329 0.062000
92 0.541772 0.138000 0.177215 0.100000
14 0.732911 0.499000 0.225316 0.370000
14 0.582278 0.530000 0.141772 0.312000
1 0.624051 0.433000 0.432911 0.690000
70 0.535443 0.240000 0.053165 0.012000
30 0.524051 0.223000 0.030380 0.030000
29 0.675949 0.447000 0.329114 0.322000
6 0.625316 0.434000 0.435443 0.692000
13 0.724051 0.329000 0.551899 0.042000
4 0.624051 0.307000 0.387342 0.262000
48 0.765823 0.702000 0.144304 0.156000
48 0.586076 0.695000 0.139241 0.170000
72 0.500000 0.499000 1.000000 0.998000
72 0.122785 0.300000 0.235443 0.300000