83 0.273000 0.467000 0.114000 0.190000
144 0.102000 0.473000 0.100000 0.114000
89 0.214000 0.880000 0.428000 0.232000
89 0.292000 0.558000 0.128000 0.084000
116 0.471000 0.418000 0.066000 0.068000
21 0.672000 0.098000 0.176000 0.188000
21 0.476000 0.090000 0.224000 0.180000
21 0.072000 0.085000 0.140000 0.170000
21 0.242000 0.085000 0.216000 0.170000
21 0.436000 0.703000 0.140000 0.198000
140 0.436000 0.862000 0.020000 0.032000
7 0.612000 0.225000 0.160000 0.066000
7 0.775000 0.365000 0.054000 0.082000
7 0.587000 0.446000 0.094000 0.140000
15 0.617000 0.686000 0.178000 0.108000
32 0.484000 0.648000 0.016000 0.032000
32 0.393000 0.741000 0.078000 0.202000
32 0.498000 0.582000 0.060000 0.032000
32 0.520000 0.650000 0.012000 0.028000
32 0.610000 0.144000 0.024000 0.068000
32 0.551000 0.135000 0.030000 0.070000
32 0.101000 0.073000 0.082000 0.146000
32 0.324000 0.119000 0.020000 0.070000
111 0.100000 0.655000 0.192000 0.190000
4 0.798000 0.666000 0.408000 0.664000
3 0.393000 0.265000 0.786000 0.530000
23 0.683000 0.499000 0.630000 0.998000