88 0.958000 0.685629 0.072000 0.155689
5 0.661000 0.164671 0.678000 0.329341
105 0.486000 0.577844 0.888000 0.580838
58 0.213000 0.154192 0.426000 0.308383
119 0.849000 0.681138 0.062000 0.032934
12 0.312000 0.269461 0.032000 0.131737
69 0.791000 0.247006 0.114000 0.080838
69 0.184000 0.718563 0.024000 0.071856
69 0.352000 0.443114 0.020000 0.047904
69 0.317000 0.224551 0.014000 0.029940
51 0.662000 0.098802 0.676000 0.197605
9 0.600000 0.254491 0.076000 0.131737
3 0.834000 0.455090 0.332000 0.610778
35 0.180000 0.699102 0.056000 0.116766
0 0.806000 0.517964 0.232000 0.251497
0 0.346000 0.485030 0.052000 0.209581
0 0.682000 0.504491 0.124000 0.272455
43 0.193000 0.489521 0.258000 0.218563
23 0.349000 0.549401 0.042000 0.074850