105 0.522000 0.343844 0.944000 0.687688
20 0.603000 0.770270 0.786000 0.459459
99 0.554000 0.863363 0.204000 0.105105
7 0.960000 0.545045 0.016000 0.051051
92 0.904000 0.484985 0.060000 0.087087
92 0.209000 0.405405 0.078000 0.096096
42 0.926000 0.570571 0.084000 0.102102
12 0.401000 0.521021 0.078000 0.081081
1 0.914000 0.518018 0.080000 0.159159
1 0.232000 0.630631 0.180000 0.528529
69 0.591000 0.635135 0.082000 0.051051
69 0.798000 0.663664 0.044000 0.066066
69 0.746000 0.675676 0.032000 0.042042
34 0.316000 0.962462 0.104000 0.069069
76 0.077000 0.834835 0.090000 0.180180
0 0.735000 0.738739 0.190000 0.222222
0 0.561000 0.689189 0.306000 0.219219
0 0.904000 0.698198 0.156000 0.177177