67 0.481333 0.391000 0.242667 0.714000
20 0.502667 0.308000 0.994667 0.424000
21 0.461333 0.043000 0.074667 0.086000
21 0.808000 0.293000 0.368000 0.306000
31 0.757333 0.524000 0.144000 0.088000
64 0.393333 0.713000 0.066667 0.058000
64 0.525333 0.714000 0.080000 0.048000
11 0.090667 0.887000 0.176000 0.202000
11 0.796000 0.735000 0.317333 0.282000
32 0.390667 0.066000 0.056000 0.076000
29 0.474667 0.564000 0.240000 0.292000
4 0.910667 0.603000 0.173333 0.094000
112 0.952000 0.738000 0.090667 0.048000
76 0.133333 0.444000 0.224000 0.168000
2 0.230667 0.054000 0.440000 0.108000