68 0.477000 0.816817 0.058000 0.066066
58 0.619000 0.084084 0.070000 0.066066
21 0.170000 0.399399 0.024000 0.054054
21 0.456000 0.466967 0.032000 0.075075
21 0.744000 0.465465 0.036000 0.066066
7 0.501000 0.827327 0.890000 0.327327
69 0.914000 0.420420 0.040000 0.132132
69 0.361000 0.124625 0.022000 0.015015
69 0.766000 0.115616 0.088000 0.225225
69 0.274000 0.066066 0.100000 0.126126
69 0.531000 0.141141 0.086000 0.192192
63 0.778000 0.866366 0.284000 0.093093
63 0.286000 0.876877 0.092000 0.078078
148 0.486000 0.869369 0.960000 0.249249
8 0.488000 0.186186 0.964000 0.372372
76 0.702000 0.567568 0.064000 0.108108
0 0.232000 0.175676 0.028000 0.099099
0 0.642000 0.456456 0.032000 0.060060
0 0.358000 0.178679 0.024000 0.063063
0 0.426000 0.187688 0.024000 0.063063
0 0.451000 0.181682 0.014000 0.033033
104 0.832000 0.567568 0.032000 0.066066