54 0.267000 0.745333 0.050000 0.253333
54 0.892000 0.796000 0.068000 0.274667
54 0.169000 0.582667 0.094000 0.253333
116 0.063000 0.576000 0.034000 0.032000
19 0.841000 0.412000 0.030000 0.072000
25 0.766000 0.405333 0.020000 0.016000
44 0.563000 0.452000 0.038000 0.045333
44 0.702000 0.898667 0.164000 0.138667
57 0.665000 0.746667 0.074000 0.186667
16 0.795000 0.332000 0.134000 0.146667
15 0.403000 0.501333 0.078000 0.160000
10 0.789000 0.397333 0.142000 0.282667
10 0.501000 0.169333 0.070000 0.093333
10 0.347000 0.341333 0.130000 0.192000
42 0.524000 0.518667 0.268000 0.520000
39 0.639000 0.882667 0.230000 0.069333
12 0.380000 0.094667 0.024000 0.072000
1 0.515000 0.494667 0.286000 0.578667
1 0.320000 0.509333 0.276000 0.533333
1 0.792000 0.526667 0.364000 0.541333
6 0.487000 0.196000 0.098000 0.125333
18 0.070000 0.670667 0.140000 0.173333
18 0.581000 0.885333 0.670000 0.224000
81 0.264000 0.626667 0.032000 0.021333
3 0.501000 0.300000 0.998000 0.600000