83 0.960000 0.927000 0.080000 0.138000
89 0.769333 0.864000 0.461333 0.272000
116 0.648000 0.956000 0.096000 0.080000
21 0.202667 0.261000 0.224000 0.418000
36 0.442667 0.253000 0.117333 0.130000
31 0.593333 0.864000 0.813333 0.248000
57 0.762667 0.864000 0.474667 0.268000
1 0.525333 0.553000 0.666667 0.862000
111 0.910667 0.795000 0.104000 0.042000
4 0.402667 0.451000 0.442667 0.358000
66 0.441333 0.683000 0.402667 0.266000
18 0.764000 0.861000 0.461333 0.270000
18 0.729333 0.674000 0.280000 0.280000
3 0.485333 0.248000 0.960000 0.492000
0 0.774667 0.249000 0.152000 0.330000