67 0.420000 0.548048 0.200000 0.543544
73 0.757000 0.466967 0.038000 0.117117
73 0.803000 0.495495 0.054000 0.096096
126 0.868000 0.487988 0.048000 0.105105
56 0.499000 0.720721 0.998000 0.558559
7 0.639000 0.493994 0.070000 0.081081
2 0.692000 0.277778 0.164000 0.555556
2 0.114000 0.316817 0.228000 0.633634
2 0.269000 0.375375 0.258000 0.750751
2 0.311000 0.250751 0.130000 0.501502
2 0.883000 0.453453 0.234000 0.906907
35 0.310000 0.845345 0.020000 0.027027
35 0.525000 0.855856 0.018000 0.030030
35 0.335000 0.849850 0.018000 0.024024
35 0.523000 0.863363 0.018000 0.021021