21 0.425000 0.454000 0.770000 0.828000
25 0.501000 0.411000 0.054000 0.030000
25 0.292000 0.461000 0.048000 0.022000
25 0.117000 0.438000 0.078000 0.028000
36 0.559000 0.434000 0.314000 0.404000
96 0.573000 0.400000 0.258000 0.132000
16 0.564000 0.400000 0.404000 0.476000
16 0.208000 0.243000 0.340000 0.346000
10 0.560000 0.428000 0.320000 0.412000
1 0.645000 0.563000 0.630000 0.794000
1 0.224000 0.516000 0.372000 0.900000
30 0.207000 0.522000 0.106000 0.144000
30 0.598000 0.443000 0.092000 0.102000
4 0.195000 0.878000 0.318000 0.172000
4 0.642000 0.765000 0.632000 0.398000
3 0.869000 0.308000 0.182000 0.548000