38 0.604000 0.521021 0.084000 0.435435
7 0.487000 0.767267 0.970000 0.165165
16 0.817000 0.201201 0.098000 0.096096
15 0.701000 0.178679 0.102000 0.105105
142 0.255000 0.298799 0.050000 0.093093
142 0.143000 0.297297 0.038000 0.072072
142 0.323000 0.725225 0.082000 0.147147
142 0.954000 0.953453 0.068000 0.087087
142 0.558000 0.788288 0.064000 0.135135
142 0.702000 0.178679 0.100000 0.099099
10 0.796000 0.196697 0.160000 0.249249
108 0.437000 0.848348 0.222000 0.303303
61 0.518000 0.363363 0.036000 0.018018
1 0.778000 0.537538 0.420000 0.924925
1 0.447000 0.507508 0.394000 0.984985
6 0.220000 0.370871 0.192000 0.741742
4 0.225000 0.121622 0.182000 0.243243
4 0.812000 0.546547 0.352000 0.522523
4 0.461000 0.478979 0.342000 0.573574
4 0.908000 0.159159 0.180000 0.318318
48 0.181000 0.695195 0.102000 0.069069
48 0.256000 0.708709 0.056000 0.072072
66 0.214000 0.355856 0.128000 0.243243
66 0.443000 0.852853 0.234000 0.294294
66 0.752000 0.881381 0.292000 0.231231