73 0.758667 0.582000 0.477333 0.500000
126 0.500000 0.267000 1.000000 0.534000
26 0.820000 0.702000 0.360000 0.144000
79 0.233333 0.114000 0.029333 0.024000
64 0.252000 0.908000 0.050667 0.036000
64 0.388000 0.905000 0.056000 0.038000
7 0.500000 0.777000 1.000000 0.438000
107 0.770667 0.339000 0.277333 0.098000
12 0.530667 0.324000 0.202667 0.316000
1 0.305333 0.643000 0.248000 0.578000
13 0.512000 0.690000 0.053333 0.420000
131 0.214667 0.736000 0.045333 0.060000
131 0.946667 0.900000 0.106667 0.060000
131 0.749333 0.891000 0.074667 0.042000
131 0.178667 0.729000 0.042667 0.042000
51 0.700000 0.313000 0.136000 0.066000
4 0.285333 0.550000 0.234667 0.232000
9 0.506667 0.623000 0.245333 0.178000
8 0.500000 0.100000 1.000000 0.200000