53 0.502000 0.292000 0.992000 0.584000
54 0.941000 0.435000 0.054000 0.158000
54 0.905000 0.441000 0.030000 0.086000
54 0.969000 0.452000 0.046000 0.212000
54 0.857000 0.408000 0.058000 0.124000
139 0.824000 0.586000 0.240000 0.120000
106 0.270000 0.643000 0.540000 0.714000
110 0.677000 0.928000 0.138000 0.128000
36 0.589000 0.304000 0.430000 0.608000
1 0.666000 0.500000 0.668000 1.000000
132 0.652000 0.835000 0.680000 0.322000
90 0.865000 0.181000 0.218000 0.286000
4 0.679000 0.642000 0.134000 0.084000
3 0.177000 0.155000 0.334000 0.270000