38 0.321000 0.304805 0.070000 0.153153
67 0.241000 0.480480 0.334000 0.786787
5 0.891000 0.267267 0.218000 0.534535
5 0.306000 0.279279 0.612000 0.558559
20 0.617000 0.478979 0.322000 0.165165
97 0.709000 0.364865 0.022000 0.027027
7 0.500000 0.746246 1.000000 0.513514
14 0.181000 0.605105 0.114000 0.225225
14 0.279000 0.651652 0.070000 0.324324
14 0.607000 0.524024 0.066000 0.369369
14 0.651000 0.572072 0.082000 0.321321
108 0.876000 0.729730 0.248000 0.288288
1 0.646000 0.402402 0.196000 0.804805
29 0.636000 0.531532 0.124000 0.402402
27 0.894000 0.481982 0.092000 0.099099
13 0.473000 0.213213 0.026000 0.426426
13 0.518000 0.241742 0.016000 0.381381
13 0.535000 0.262763 0.014000 0.267267
4 0.647000 0.249249 0.194000 0.330330
4 0.268000 0.322823 0.280000 0.291291
48 0.618000 0.761261 0.036000 0.081081
48 0.585000 0.747748 0.046000 0.102102
49 0.500000 0.737237 1.000000 0.525526
60 0.857000 0.701201 0.286000 0.489489
3 0.216000 0.277778 0.432000 0.555556
0 0.955000 0.261261 0.046000 0.108108
0 0.031000 0.216216 0.062000 0.330330
0 0.090000 0.235736 0.056000 0.309309
0 0.169000 0.213213 0.030000 0.162162
0 0.139000 0.247748 0.034000 0.279279