25 0.510000 0.460961 0.092000 0.063063
36 0.524000 0.448949 0.276000 0.543544
140 0.519000 0.810811 0.078000 0.288288
7 0.893000 0.566066 0.014000 0.033033
16 0.801000 0.292793 0.162000 0.237237
16 0.891000 0.524024 0.138000 0.105105
16 0.705000 0.232733 0.106000 0.117117
16 0.647000 0.019520 0.130000 0.039039
15 0.575000 0.710210 0.386000 0.567568
10 0.630000 0.412913 0.732000 0.825826
22 0.526000 0.869369 0.032000 0.069069
30 0.431000 0.554054 0.094000 0.195195
6 0.656000 0.500000 0.680000 1.000000
93 0.225000 0.498498 0.450000 0.996997
3 0.899000 0.168168 0.198000 0.336336