83 0.831000 0.731250 0.106000 0.192500
5 0.681000 0.282500 0.630000 0.565000
26 0.916000 0.617500 0.164000 0.105000
39 0.950000 0.661250 0.028000 0.032500
39 0.929000 0.582500 0.022000 0.015000
39 0.949000 0.632500 0.026000 0.025000
39 0.908000 0.608750 0.016000 0.017500
39 0.919000 0.670000 0.022000 0.025000
71 0.558000 0.618750 0.344000 0.302500
13 0.562000 0.935000 0.060000 0.125000
55 0.499000 0.905000 0.998000 0.180000
49 0.864000 0.850000 0.268000 0.125000
49 0.502000 0.702500 0.996000 0.400000
49 0.146000 0.650000 0.292000 0.375000
9 0.566000 0.530000 0.540000 0.705000
9 0.562000 0.092500 0.276000 0.170000
9 0.563000 0.533750 0.546000 0.702500
2 0.853000 0.100000 0.290000 0.190000