83 0.554000 0.385886 0.284000 0.321321
95 0.168000 0.959459 0.100000 0.045045
95 0.248000 0.933934 0.084000 0.030030
95 0.096000 0.948949 0.108000 0.036036
95 0.792000 0.283784 0.092000 0.057057
95 0.337000 0.099099 0.110000 0.066066
95 0.242000 0.971471 0.100000 0.033033
95 0.274000 0.791291 0.108000 0.081081
95 0.127000 0.088589 0.110000 0.075075
95 0.229000 0.333333 0.110000 0.054054
95 0.091000 0.965465 0.114000 0.027027
95 0.865000 0.208709 0.054000 0.075075
95 0.268000 0.792793 0.112000 0.084084
95 0.651000 0.223724 0.126000 0.075075
5 0.500000 0.417417 1.000000 0.834835
11 0.684000 0.941441 0.432000 0.117117
7 0.499000 0.911411 0.998000 0.177177
71 0.501000 0.503003 0.990000 0.993994
3 0.500000 0.408408 0.988000 0.816817