128 0.623000 0.830000 0.242000 0.224000
86 0.686000 0.598000 0.064000 0.028000
33 0.624000 0.831000 0.244000 0.222000
12 0.828000 0.217000 0.116000 0.106000
71 0.853000 0.360000 0.254000 0.144000
93 0.711000 0.539000 0.098000 0.058000
18 0.695000 0.614000 0.246000 0.052000
18 0.574000 0.577000 0.068000 0.074000
18 0.420000 0.617000 0.156000 0.102000
18 0.482000 0.898000 0.964000 0.204000
3 0.769000 0.409000 0.458000 0.342000
28 0.168000 0.593000 0.324000 0.242000
0 0.202000 0.397000 0.124000 0.550000