58 0.450000 0.301333 0.328000 0.208000
37 0.816000 0.457333 0.236000 0.141333
37 0.984000 0.112000 0.028000 0.064000
37 0.148000 0.257333 0.280000 0.514667
37 0.494000 0.060000 0.280000 0.120000
127 0.073000 0.452000 0.078000 0.077333
82 0.637000 0.756000 0.038000 0.061333
12 0.873000 0.464000 0.026000 0.096000
55 0.498000 0.853333 0.996000 0.277333
8 0.501000 0.257333 0.998000 0.514667
60 0.498000 0.850667 0.996000 0.282667
76 0.053000 0.773333 0.086000 0.085333
76 0.134000 0.774667 0.096000 0.088000
2 0.225000 0.501333 0.082000 0.037333
2 0.940000 0.625333 0.120000 0.173333
125 0.480000 0.662667 0.952000 0.301333