86 0.049000 0.344000 0.098000 0.277333
57 0.508000 0.118667 0.128000 0.232000
57 0.330000 0.118667 0.112000 0.232000
7 0.806000 0.318667 0.112000 0.056000
15 0.935000 0.101333 0.130000 0.160000
32 0.915000 0.648000 0.114000 0.154667
32 0.039000 0.569333 0.078000 0.184000
132 0.754000 0.130667 0.376000 0.197333
132 0.144000 0.101333 0.288000 0.202667
132 0.522000 0.550667 0.760000 0.706667
34 0.102000 0.582667 0.084000 0.397333
63 0.425000 0.154667 0.106000 0.090667
18 0.497000 0.500000 0.994000 1.000000