25 0.438000 0.450450 0.088000 0.084084
25 0.576000 0.448949 0.068000 0.063063
36 0.944000 0.611111 0.092000 0.207207
36 0.493000 0.436937 0.274000 0.549550
140 0.461000 0.845345 0.218000 0.309309
122 0.184000 0.298799 0.276000 0.345345
122 0.150000 0.671171 0.300000 0.369369
96 0.952000 0.588589 0.092000 0.048048
16 0.965000 0.534535 0.066000 0.120120
16 0.498000 0.280781 0.372000 0.447447
10 0.480000 0.382883 0.312000 0.651652
1 0.936000 0.737237 0.124000 0.525526
30 0.518000 0.513514 0.068000 0.174174
111 0.695000 0.809309 0.490000 0.387387
71 0.073000 0.948949 0.146000 0.102102
71 0.185000 0.297297 0.194000 0.222222
71 0.803000 0.911411 0.074000 0.159159
71 0.027000 0.213213 0.054000 0.360360
71 0.154000 0.669670 0.268000 0.330330
98 0.186000 0.303303 0.248000 0.306306
4 0.451000 0.821321 0.606000 0.357357
0 0.548000 0.524024 0.684000 0.951952
23 0.443000 0.516517 0.626000 0.966967