20 0.206000 0.534328 0.412000 0.423881
20 0.745000 0.564179 0.286000 0.423881
79 0.849000 0.177612 0.014000 0.020896
7 0.439000 0.902985 0.878000 0.188060
15 0.662000 0.577612 0.012000 0.020896
32 0.679000 0.623881 0.058000 0.095522
1 0.530000 0.491045 0.148000 0.474627
29 0.587000 0.617910 0.090000 0.167164
27 0.607000 0.529851 0.170000 0.450746
120 0.852000 0.214925 0.080000 0.173134
24 0.445000 0.900000 0.890000 0.200000
4 0.538000 0.423881 0.136000 0.214925
4 0.634000 0.497015 0.080000 0.158209
112 0.487000 0.708955 0.058000 0.038806
60 0.446000 0.858209 0.892000 0.283582
76 0.655000 0.694030 0.098000 0.152239
76 0.329000 0.705970 0.098000 0.062687
76 0.419000 0.679104 0.126000 0.205970
76 0.184000 0.673134 0.104000 0.158209
84 0.944000 0.500000 0.112000 1.000000