37 0.184000 0.112500 0.276000 0.125000
37 0.311000 0.305357 0.318000 0.146429
16 0.638000 0.380357 0.016000 0.025000
42 0.675000 0.403571 0.050000 0.185714
108 0.576000 0.385714 0.012000 0.121429
1 0.640000 0.483929 0.048000 0.232143
1 0.826000 0.562500 0.116000 0.167857
1 0.565000 0.467857 0.062000 0.364286
1 0.816000 0.458929 0.092000 0.375000
27 0.722000 0.487500 0.076000 0.353571
148 0.508000 0.821429 0.952000 0.292857
4 0.560000 0.389286 0.040000 0.157143
8 0.441000 0.207143 0.882000 0.414286
133 0.378000 0.908929 0.136000 0.160714