128 0.091000 0.339339 0.118000 0.198198
83 0.246000 0.408408 0.136000 0.162162
33 0.339000 0.262763 0.138000 0.147147
33 0.229000 0.160661 0.082000 0.183183
33 0.129000 0.339339 0.194000 0.198198
21 0.193000 0.079580 0.170000 0.159159
31 0.667000 0.735736 0.262000 0.330330
7 0.258000 0.774775 0.284000 0.114114
7 0.772000 0.390390 0.220000 0.150150
32 0.404000 0.684685 0.196000 0.060060
32 0.387000 0.648649 0.158000 0.120120
10 0.820000 0.921922 0.068000 0.084084
10 0.823000 0.962462 0.054000 0.051051
102 0.818000 0.941441 0.068000 0.117117
109 0.337000 0.234234 0.070000 0.090090
18 0.540000 0.148649 0.100000 0.273273