7 0.386000 0.732000 0.772000 0.536000
114 0.309000 0.702667 0.398000 0.594667
22 0.357000 0.736000 0.714000 0.517333
119 0.741000 0.957333 0.482000 0.048000
71 0.502000 0.500000 1.000000 1.000000
8 0.508000 0.104000 0.980000 0.208000
2 0.635000 0.445333 0.102000 0.890667
2 0.246000 0.288000 0.492000 0.576000
2 0.773000 0.500000 0.222000 1.000000
2 0.532000 0.517333 0.188000 0.581333
17 0.700000 0.261333 0.600000 0.517333
17 0.609000 0.429333 0.066000 0.858667
28 0.371000 0.372000 0.102000 0.120000