5 0.704000 0.330961 0.588000 0.661922
20 0.835000 0.644128 0.090000 0.042705
99 0.208000 0.770463 0.416000 0.060498
91 0.496000 0.749110 0.056000 0.202847
7 0.498000 0.889680 0.996000 0.206406
10 0.634000 0.670819 0.016000 0.017794
29 0.497000 0.804270 0.038000 0.071174
27 0.644000 0.759786 0.052000 0.195730
27 0.638000 0.763345 0.056000 0.202847
66 0.446000 0.750890 0.024000 0.028470
8 0.545000 0.133452 0.722000 0.266904
60 0.503000 0.638790 0.986000 0.074733
60 0.500000 0.887900 1.000000 0.224199
81 0.492000 0.725979 0.024000 0.092527
17 0.500000 0.377224 1.000000 0.754448
84 0.832000 0.597865 0.012000 0.128114
84 0.396000 0.564057 0.020000 0.160142
84 0.962000 0.537367 0.012000 0.085409
84 0.328000 0.571174 0.028000 0.131673
84 0.088000 0.553381 0.036000 0.117438
3 0.500000 0.777580 1.000000 0.074733