54 0.789000 0.516467 0.206000 0.949102
54 0.346000 0.342814 0.136000 0.685629
54 0.257000 0.267964 0.122000 0.535928
54 0.495000 0.380240 0.146000 0.760479
54 0.674000 0.447605 0.164000 0.895210
116 0.782000 0.709581 0.272000 0.580838
57 0.406000 0.615269 0.208000 0.757485
57 0.090000 0.407186 0.180000 0.556886
57 0.575000 0.657186 0.222000 0.679641
57 0.060000 0.270958 0.120000 0.230539
57 0.792000 0.696108 0.276000 0.565868
96 0.456000 0.577844 0.656000 0.832335
96 0.466000 0.549401 0.924000 0.889222
96 0.492000 0.571856 0.856000 0.784431
7 0.732000 0.320359 0.072000 0.101796
18 0.499000 0.537425 0.990000 0.889222