5 0.791000 0.321321 0.418000 0.642643
5 0.289000 0.472973 0.414000 0.333333
105 0.877000 0.506006 0.246000 0.549550
7 0.585000 0.819820 0.830000 0.354354
45 0.474000 0.451952 0.092000 0.099099
45 0.547000 0.472973 0.070000 0.099099
42 0.422000 0.642643 0.148000 0.240240
27 0.497000 0.711712 0.198000 0.576577
27 0.427000 0.702703 0.186000 0.594595
34 0.595000 0.941441 0.082000 0.093093
55 0.584000 0.822823 0.832000 0.354354
51 0.283000 0.352853 0.402000 0.099099
76 0.816000 0.683183 0.056000 0.117117
3 0.203000 0.504505 0.226000 0.264264