31 0.101333 0.961000 0.197333 0.074000
32 0.254667 0.687000 0.120000 0.102000
12 0.516000 0.061000 0.056000 0.030000
12 0.454667 0.126000 0.040000 0.024000
71 0.020000 0.384000 0.040000 0.236000
109 0.632000 0.784000 0.170667 0.180000
24 0.974667 0.869000 0.050667 0.074000
124 0.858667 0.910000 0.272000 0.176000
59 0.457333 0.550000 0.589333 0.132000
50 0.433333 0.912000 0.392000 0.164000
145 0.253333 0.769000 0.133333 0.218000
145 0.606667 0.961000 0.205333 0.074000
145 0.173333 0.714000 0.090667 0.164000
3 0.074667 0.502000 0.149333 0.856000