83 0.195000 0.917333 0.138000 0.117333
67 0.674000 0.652000 0.124000 0.338667
136 0.690000 0.116000 0.312000 0.200000
144 0.135000 0.880000 0.078000 0.074667
89 0.750000 0.896000 0.500000 0.208000
89 0.400000 0.893333 0.508000 0.213333
16 0.829000 0.545333 0.110000 0.082667
12 0.743000 0.129333 0.066000 0.088000
6 0.049000 0.886667 0.098000 0.226667
6 0.318000 0.658667 0.220000 0.410667
34 0.921000 0.826667 0.094000 0.048000
90 0.510000 0.496000 0.236000 0.101333
90 0.746000 0.529333 0.208000 0.178667
4 0.875000 0.716000 0.098000 0.189333
4 0.334000 0.900000 0.208000 0.200000
4 0.656000 0.673333 0.088000 0.210667
18 0.708000 0.894667 0.580000 0.210667