100 0.480000 0.881333 0.172000 0.232000
73 0.108000 0.324000 0.216000 0.317333
19 0.535000 0.369333 0.050000 0.072000
25 0.460000 0.489333 0.028000 0.040000
25 0.518000 0.482667 0.028000 0.032000
7 0.498000 0.649333 0.996000 0.701333
22 0.777000 0.902667 0.366000 0.184000
30 0.496000 0.549333 0.044000 0.085333
63 0.899000 0.441333 0.082000 0.098667
24 0.139000 0.702667 0.278000 0.472000
2 0.502000 0.186667 0.152000 0.373333
84 0.507000 0.180000 0.146000 0.354667
84 0.277000 0.209333 0.118000 0.418667
104 0.207000 0.937333 0.266000 0.125333