77 0.129000 0.786787 0.258000 0.258258
25 0.415000 0.372372 0.050000 0.042042
16 0.452000 0.387387 0.196000 0.192192
15 0.549000 0.659159 0.122000 0.213213
45 0.440000 0.312312 0.420000 0.372372
12 0.341000 0.064565 0.098000 0.105105
30 0.450000 0.415916 0.036000 0.087087
6 0.076000 0.611111 0.152000 0.315315
4 0.456000 0.735736 0.456000 0.528529
8 0.499000 0.249249 0.998000 0.498498
17 0.703000 0.423423 0.142000 0.186186
52 0.712000 0.495495 0.040000 0.024024
52 0.915000 0.528529 0.050000 0.030030
3 0.826000 0.468468 0.060000 0.096096
28 0.812000 0.780781 0.376000 0.432432