53 0.500000 0.500000 1.000000 1.000000
5 0.919000 0.281437 0.154000 0.562874
126 0.511000 0.733533 0.238000 0.095808
20 0.853000 0.699102 0.142000 0.146707
26 0.201000 0.540419 0.402000 0.320359
11 0.475000 0.965569 0.162000 0.068862
7 0.755000 0.772455 0.486000 0.455090
47 0.372000 0.167665 0.060000 0.113772
47 0.421000 0.167665 0.054000 0.113772
47 0.324000 0.339820 0.028000 0.050898
47 0.317000 0.169162 0.074000 0.116766
119 0.914000 0.332335 0.116000 0.047904
119 0.222000 0.603293 0.204000 0.050898
12 0.675000 0.365269 0.030000 0.035928
12 0.676000 0.404192 0.028000 0.029940
12 0.788000 0.410180 0.184000 0.065868
85 0.821000 0.505988 0.086000 0.071856
61 0.205000 0.164671 0.138000 0.113772
55 0.695000 0.878743 0.610000 0.242515
49 0.431000 0.976048 0.058000 0.035928
9 0.922000 0.335329 0.140000 0.071856
60 0.705000 0.773952 0.578000 0.452096
3 0.201000 0.845808 0.402000 0.284431
3 0.425000 0.402695 0.234000 0.194611
0 0.181000 0.040419 0.142000 0.074850
43 0.925000 0.208084 0.050000 0.086826