53 0.502000 0.504000 0.984000 0.992000
58 0.178000 0.453333 0.332000 0.464000
58 0.903000 0.426667 0.182000 0.202667
37 0.638000 0.096000 0.724000 0.181333
107 0.569000 0.884000 0.862000 0.232000
47 0.486000 0.676000 0.040000 0.093333
119 0.733000 0.505333 0.098000 0.221333
12 0.623000 0.040000 0.310000 0.064000
69 0.208000 0.168000 0.124000 0.080000
13 0.580000 0.918667 0.040000 0.146667
9 0.592000 0.157333 0.444000 0.224000
9 0.594000 0.534667 0.492000 0.642667
8 0.497000 0.430667 0.994000 0.845333
60 0.505000 0.966667 0.990000 0.066667
2 0.160000 0.810667 0.300000 0.341333
17 0.809000 0.704000 0.286000 0.485333