53 0.499000 0.316000 0.998000 0.632000
20 0.489000 0.550667 0.070000 0.104000
19 0.370000 0.314667 0.100000 0.149333
25 0.470000 0.298667 0.028000 0.032000
56 0.499000 0.788000 0.998000 0.418667
44 0.043000 0.821333 0.034000 0.026667
44 0.119000 0.896000 0.066000 0.042667
44 0.189000 0.913333 0.042000 0.040000
11 0.497000 0.792000 0.994000 0.416000
10 0.423000 0.325333 0.298000 0.293333
107 0.134000 0.525333 0.140000 0.096000
107 0.028000 0.477333 0.056000 0.202667
14 0.411000 0.818667 0.090000 0.160000
14 0.224000 0.833333 0.112000 0.168000
14 0.881000 0.368000 0.214000 0.736000
70 0.523000 0.393333 0.094000 0.061333
30 0.559000 0.350667 0.022000 0.029333
13 0.575000 0.450667 0.022000 0.314667
48 0.969000 0.829333 0.066000 0.197333
48 0.732000 0.788000 0.456000 0.216000
2 0.138000 0.353333 0.232000 0.306667
2 0.250000 0.093333 0.500000 0.186667
2 0.625000 0.413333 0.294000 0.405333
2 0.976000 0.444000 0.048000 0.205333
23 0.741000 0.457333 0.502000 0.914667