11 0.137000 0.624000 0.274000 0.218667
118 0.411000 0.308000 0.082000 0.114667
92 0.511000 0.422667 0.098000 0.141333
61 0.577000 0.641333 0.070000 0.077333
29 0.632000 0.626667 0.232000 0.197333
55 0.501000 0.845333 0.990000 0.298667
8 0.487000 0.242667 0.962000 0.474667
76 0.342000 0.573333 0.160000 0.304000
2 0.061000 0.204000 0.038000 0.408000
2 0.110000 0.302667 0.076000 0.605333
2 0.215000 0.237333 0.050000 0.474667
2 0.901000 0.296000 0.078000 0.592000
2 0.957000 0.250667 0.070000 0.501333