37 0.857333 0.080000 0.248000 0.144000
37 0.861333 0.437000 0.234667 0.074000
37 0.897333 0.281000 0.200000 0.054000
37 0.878667 0.133000 0.200000 0.070000
37 0.790667 0.059000 0.146667 0.090000
37 0.218667 0.396000 0.202667 0.080000
37 0.830667 0.464000 0.322667 0.120000
37 0.669333 0.338000 0.058667 0.088000
37 0.256000 0.506000 0.170667 0.056000
37 0.929333 0.029000 0.136000 0.058000
37 0.469333 0.379000 0.080000 0.082000
37 0.661333 0.492000 0.090667 0.036000
117 0.414667 0.590000 0.536000 0.804000
7 0.884000 0.825000 0.216000 0.258000
10 0.604000 0.251000 0.162667 0.122000
8 0.846667 0.223000 0.306667 0.446000
8 0.438667 0.210000 0.520000 0.224000
8 0.832000 0.442000 0.298667 0.112000
8 0.674667 0.385000 0.138667 0.062000
8 0.322667 0.360000 0.277333 0.136000
8 0.952000 0.490000 0.085333 0.044000
8 0.966667 0.029000 0.061333 0.058000
8 0.760000 0.533000 0.122667 0.042000
2 0.362667 0.395000 0.725333 0.790000
2 0.433333 0.485000 0.344000 0.162000
84 0.654667 0.631000 0.040000 0.094000