73 0.752000 0.804805 0.124000 0.222222
126 0.890000 0.896396 0.144000 0.201201
126 0.930000 0.693694 0.136000 0.162162
58 0.499000 0.228228 0.998000 0.456456
134 0.481000 0.498498 0.322000 0.354354
74 0.499000 0.804805 0.998000 0.390390
19 0.627000 0.448949 0.034000 0.039039
25 0.575000 0.454955 0.018000 0.021021
36 0.588000 0.465465 0.052000 0.126126
56 0.498000 0.803303 0.996000 0.393393
11 0.498000 0.806306 0.996000 0.381381
10 0.594000 0.472973 0.092000 0.147147
14 0.398000 0.564565 0.052000 0.186186
82 0.360000 0.555556 0.044000 0.192192
120 0.898000 0.896396 0.148000 0.201201
8 0.499000 0.226727 0.998000 0.453453
41 0.345000 0.478979 0.062000 0.303303
17 0.922000 0.282282 0.148000 0.402402
17 0.830000 0.406907 0.176000 0.339339