83 0.908000 0.310811 0.096000 0.093093
5 0.893000 0.054054 0.214000 0.108108
5 0.385000 0.186186 0.758000 0.372372
99 0.499000 0.975976 0.998000 0.048048
36 0.259000 0.244745 0.106000 0.147147
96 0.262000 0.205706 0.108000 0.039039
7 0.498000 0.566066 0.996000 0.795796
45 0.264000 0.118619 0.188000 0.159159
42 0.623000 0.614114 0.366000 0.699700
42 0.269000 0.603604 0.338000 0.678679
42 0.983000 0.201201 0.034000 0.120120
1 0.627000 0.490991 0.374000 0.945946
1 0.270000 0.487988 0.348000 0.903904
27 0.789000 0.147147 0.022000 0.090090
6 0.731000 0.226727 0.110000 0.117117
6 0.982000 0.210210 0.032000 0.198198
6 0.422000 0.211712 0.072000 0.171171
13 0.049000 0.201201 0.094000 0.390390
63 0.853000 0.797297 0.078000 0.171171
4 0.264000 0.382883 0.088000 0.231231
4 0.402000 0.186186 0.024000 0.060060
35 0.864000 0.584084 0.072000 0.117117