73 0.900000 0.633333 0.184000 0.114667
73 0.880000 0.726667 0.128000 0.093333
73 0.795000 0.465333 0.114000 0.088000
73 0.712000 0.614667 0.132000 0.136000
73 0.527000 0.702667 0.070000 0.088000
73 0.230000 0.520000 0.096000 0.074667
73 0.732000 0.393333 0.164000 0.098667
126 0.112000 0.642667 0.116000 0.117333
126 0.827000 0.966667 0.130000 0.061333
20 0.716000 0.869333 0.464000 0.106667
74 0.835000 0.786667 0.290000 0.069333
13 0.485000 0.669333 0.018000 0.181333
55 0.498000 0.820000 0.992000 0.312000
9 0.630000 0.740000 0.032000 0.274667
8 0.498000 0.134667 0.996000 0.264000
0 0.740000 0.880000 0.172000 0.090667