26 0.745333 0.346000 0.077333 0.016000
11 0.297333 0.749000 0.333333 0.502000
22 0.378667 0.060000 0.026667 0.024000
40 0.174667 0.783000 0.349333 0.430000
40 0.313333 0.449000 0.626667 0.094000
120 0.885333 0.446000 0.192000 0.236000
13 0.673333 0.645000 0.050667 0.570000
62 0.674667 0.643000 0.053333 0.566000
55 0.382667 0.682000 0.765333 0.628000
9 0.668000 0.205000 0.440000 0.334000
9 0.385333 0.261000 0.034667 0.026000
60 0.388000 0.678000 0.765333 0.640000
2 0.384000 0.196000 0.154667 0.380000
104 0.668000 0.123000 0.120000 0.034000