128 0.689333 0.760000 0.488000 0.472000
19 0.308000 0.234000 0.104000 0.156000
19 0.305333 0.238000 0.098667 0.164000
19 0.878667 0.291000 0.077333 0.058000
25 0.458667 0.322000 0.101333 0.044000
56 0.500000 0.116000 1.000000 0.232000
117 0.442667 0.542000 0.885333 0.912000
117 0.688000 0.604000 0.485333 0.788000
117 0.460000 0.541000 0.920000 0.918000
10 0.522667 0.332000 0.720000 0.496000
10 0.778667 0.319000 0.282667 0.206000
70 0.749333 0.538000 0.144000 0.068000
78 0.186667 0.640000 0.373333 0.712000
30 0.804000 0.501000 0.162667 0.170000
46 0.173333 0.775000 0.101333 0.186000
46 0.218667 0.642000 0.144000 0.176000
46 0.240000 0.488000 0.101333 0.144000
41 0.618667 0.915000 0.186667 0.162000