128 0.516000 0.843000 0.125333 0.126000
54 0.821333 0.505000 0.048000 0.042000
54 0.402667 0.386000 0.053333 0.052000
73 0.844000 0.677000 0.312000 0.162000
130 0.578667 0.636000 0.389333 0.452000
74 0.498667 0.767000 0.992000 0.458000
19 0.312000 0.513000 0.074667 0.098000
110 0.364000 0.569000 0.210667 0.418000
110 0.158667 0.532000 0.205333 0.140000
140 0.061333 0.469000 0.010667 0.010000
11 0.882667 0.895000 0.192000 0.190000
7 0.497333 0.719000 0.994667 0.554000
45 0.630667 0.362000 0.141333 0.080000
14 0.501333 0.873000 0.133333 0.250000
1 0.872000 0.538000 0.112000 0.208000
1 0.780000 0.534000 0.098667 0.204000
1 0.573333 0.662000 0.416000 0.672000
27 0.189333 0.466000 0.026667 0.036000
27 0.252000 0.495000 0.040000 0.078000
27 0.029333 0.489000 0.037333 0.086000
27 0.010667 0.487000 0.021333 0.090000
27 0.137333 0.487000 0.274667 0.106000