33 0.782000 0.512012 0.196000 0.297297
33 0.127000 0.357357 0.118000 0.240240
57 0.791000 0.956456 0.238000 0.081081
57 0.604000 0.292793 0.024000 0.069069
57 0.446000 0.641141 0.252000 0.195195
57 0.651000 0.563063 0.146000 0.051051
57 0.296000 0.684685 0.216000 0.162162
57 0.837000 0.328829 0.030000 0.081081
57 0.775000 0.339339 0.030000 0.078078
57 0.188000 0.911411 0.324000 0.171171
57 0.093000 0.651652 0.186000 0.174174
57 0.665000 0.337838 0.030000 0.081081
57 0.855000 0.774775 0.214000 0.156156
57 0.564000 0.866366 0.308000 0.261261
7 0.750000 0.588589 0.064000 0.072072
7 0.843000 0.558559 0.034000 0.096096
18 0.739000 0.258258 0.238000 0.084084
18 0.135000 0.355856 0.270000 0.213213
18 0.718000 0.472973 0.364000 0.333333
18 0.499000 0.813814 0.998000 0.366366
0 0.313000 0.085586 0.078000 0.171171
0 0.493000 0.085586 0.078000 0.171171
0 0.151000 0.085586 0.086000 0.171171