128 0.391000 0.481250 0.062000 0.122500
11 0.208000 0.765000 0.416000 0.460000
7 0.500000 0.662500 1.000000 0.675000
7 0.869000 0.372500 0.054000 0.105000
7 0.892000 0.351250 0.028000 0.032500
7 0.848000 0.513750 0.036000 0.102500
103 0.687000 0.598750 0.082000 0.207500
1 0.334000 0.343750 0.060000 0.197500
1 0.652000 0.513750 0.144000 0.492500
69 0.691000 0.675000 0.014000 0.035000
48 0.357000 0.545000 0.026000 0.055000
48 0.402000 0.568750 0.036000 0.027500
48 0.689000 0.731250 0.058000 0.057500
48 0.657000 0.720000 0.050000 0.060000
66 0.392000 0.467500 0.052000 0.105000
49 0.664000 0.713750 0.664000 0.557500
81 0.761000 0.595000 0.098000 0.065000
23 0.390000 0.427500 0.080000 0.310000