5 0.706000 0.217914 0.252000 0.307487
20 0.329000 0.812834 0.270000 0.219251
21 0.979000 0.569519 0.042000 0.171123
26 0.328000 0.695187 0.656000 0.288770
31 0.500000 0.300802 0.252000 0.061497
7 0.891000 0.347594 0.026000 0.053476
7 0.915000 0.406417 0.086000 0.053476
107 0.357000 0.213904 0.350000 0.197861
107 0.486000 0.348930 0.284000 0.157754
107 0.046000 0.431818 0.092000 0.660428
12 0.101000 0.057487 0.202000 0.114973
1 0.936000 0.709893 0.048000 0.125668
55 0.500000 0.786096 1.000000 0.427807
4 0.625000 0.715241 0.026000 0.061497
49 0.729000 0.898396 0.122000 0.101604
94 0.229000 0.382353 0.302000 0.235294
125 0.228000 0.378342 0.316000 0.232620
43 0.438000 0.207219 0.016000 0.034759
43 0.402000 0.205882 0.020000 0.037433
43 0.362000 0.203209 0.020000 0.032086
43 0.320000 0.205882 0.020000 0.037433
43 0.508000 0.209893 0.016000 0.034759