100 0.140000 0.085586 0.160000 0.171171
100 0.651000 0.174174 0.134000 0.144144
100 0.037000 0.033033 0.050000 0.060060
100 0.173000 0.201201 0.038000 0.102102
100 0.031000 0.477477 0.062000 0.048048
20 0.731000 0.498498 0.538000 0.990991
11 0.186000 0.807808 0.372000 0.384384
11 0.236000 0.528529 0.452000 0.156156
7 0.338000 0.728228 0.676000 0.531532
10 0.651000 0.379880 0.034000 0.063063
27 0.653000 0.397898 0.074000 0.111111
27 0.800000 0.405405 0.080000 0.078078
6 0.687000 0.391892 0.030000 0.057057
131 0.457000 0.791291 0.430000 0.405405
109 0.883000 0.809309 0.134000 0.351351
2 0.138000 0.363363 0.272000 0.720721
17 0.412000 0.264264 0.036000 0.450450
17 0.364000 0.279279 0.028000 0.546547
17 0.443000 0.238739 0.026000 0.381381
17 0.142000 0.367868 0.284000 0.735736
17 0.609000 0.150150 0.190000 0.300300
84 0.145000 0.469970 0.254000 0.495495
84 0.600000 0.156156 0.068000 0.306306