68 0.410667 0.720000 0.080000 0.144000
68 0.521333 0.683000 0.093333 0.170000
5 0.498667 0.315000 0.997333 0.630000
21 0.246667 0.524000 0.029333 0.064000
102 0.114667 0.221000 0.048000 0.014000
40 0.301333 0.766000 0.138667 0.052000
29 0.501333 0.822000 0.144000 0.236000
27 0.366667 0.546000 0.034667 0.084000
27 0.400000 0.548000 0.042667 0.084000
6 0.506667 0.732000 0.208000 0.456000
6 0.125333 0.538000 0.032000 0.056000
4 0.518667 0.642000 0.184000 0.144000
112 0.457333 0.941000 0.056000 0.042000
49 0.498667 0.768000 0.997333 0.456000
43 0.932000 0.167000 0.114667 0.190000