37 0.220721 0.235000 0.441441 0.442000
64 0.531532 0.349000 0.078078 0.166000
64 0.662162 0.937000 0.165165 0.098000
7 0.503003 0.870000 0.969970 0.252000
16 0.680180 0.056000 0.207207 0.092000
45 0.537538 0.236000 0.114114 0.068000
10 0.542042 0.246000 0.111111 0.088000
14 0.660661 0.331000 0.354354 0.206000
14 0.659159 0.778000 0.213213 0.444000
1 0.744745 0.498000 0.510511 0.980000
1 0.472973 0.532000 0.351351 0.668000
148 0.496997 0.689000 0.987988 0.138000
24 0.291291 0.840000 0.570571 0.040000
24 0.292793 0.965000 0.579580 0.066000
4 0.801802 0.266000 0.330330 0.280000
66 0.515015 0.611000 0.195195 0.190000
66 0.771772 0.455000 0.390390 0.378000
9 0.794294 0.658000 0.243243 0.076000
8 0.498498 0.259000 0.990991 0.514000
28 0.087087 0.591000 0.174174 0.050000