88 0.494000 0.753298 0.664000 0.482850
100 0.056000 0.102902 0.112000 0.205805
73 0.106000 0.875989 0.208000 0.237467
74 0.499000 0.612137 0.994000 0.775726
19 0.584000 0.469657 0.040000 0.058047
26 0.499000 0.265172 0.994000 0.530343
79 0.250000 0.215040 0.308000 0.213720
11 0.580000 0.084433 0.836000 0.163588
22 0.103000 0.875989 0.206000 0.242744
14 0.349000 0.852243 0.150000 0.284960
30 0.377000 0.554090 0.014000 0.015831
120 0.552000 0.777045 0.284000 0.324538
120 0.589000 0.242744 0.334000 0.480211