53 0.500000 0.401070 0.988000 0.310160
88 0.698000 0.782086 0.168000 0.082888
88 0.232000 0.775401 0.172000 0.085561
88 0.932000 0.906417 0.136000 0.096257
36 0.738000 0.717914 0.004000 0.008021
11 0.499000 0.967914 0.994000 0.064171
7 0.500000 0.872995 1.000000 0.131016
45 0.741000 0.713904 0.018000 0.016043
22 0.500000 0.966578 1.000000 0.066845
22 0.956000 0.538770 0.068000 0.077540
1 0.742000 0.763369 0.044000 0.120321
98 0.692000 0.655080 0.008000 0.080214
131 0.485000 0.893048 0.954000 0.101604
24 0.500000 0.901070 1.000000 0.197861
8 0.603000 0.288770 0.786000 0.561497
2 0.888000 0.532086 0.200000 0.133690
2 0.777000 0.414439 0.446000 0.828877
2 0.309000 0.410428 0.618000 0.820856
28 0.497000 0.675134 0.994000 0.195187