19 0.723000 0.612094 0.030000 0.044248
138 0.593000 0.716814 0.046000 0.094395
16 0.716000 0.564897 0.088000 0.109145
10 0.719000 0.579646 0.094000 0.138643
29 0.722000 0.970501 0.140000 0.047198
13 0.581000 0.836283 0.034000 0.303835
63 0.557000 0.926254 0.030000 0.047198
24 0.229000 0.938053 0.174000 0.117994
24 0.897000 0.635693 0.198000 0.262537
8 0.499000 0.194690 0.990000 0.389381
72 0.500000 0.666667 1.000000 0.666667
59 0.728000 0.960177 0.100000 0.020649
17 0.499000 0.643068 0.998000 0.365782