5 0.690667 0.423000 0.229333 0.714000
5 0.485333 0.499000 0.970667 0.998000
73 0.450667 0.920000 0.901333 0.156000
97 0.674667 0.535000 0.138667 0.098000
127 0.361333 0.180000 0.066667 0.112000
127 0.896000 0.683000 0.048000 0.082000
127 0.894667 0.741000 0.034667 0.050000
127 0.718667 0.098000 0.013333 0.060000
127 0.720000 0.083000 0.010667 0.030000
142 0.657333 0.541000 0.040000 0.030000
12 0.742667 0.372000 0.029333 0.056000
12 0.714667 0.374000 0.026667 0.056000
12 0.661333 0.373000 0.026667 0.054000
12 0.636000 0.372000 0.029333 0.056000
12 0.198667 0.100000 0.024000 0.020000
81 0.697333 0.240000 0.210667 0.348000
81 0.464000 0.919000 0.928000 0.158000
17 0.458667 0.922000 0.917333 0.156000
0 0.686667 0.371000 0.029333 0.054000
0 0.662667 0.373000 0.024000 0.054000
0 0.634667 0.375000 0.026667 0.054000
0 0.714667 0.374000 0.026667 0.056000
0 0.741333 0.373000 0.026667 0.054000
43 0.686667 0.373000 0.136000 0.058000