144 0.325000 0.358667 0.070000 0.093333
99 0.406000 0.602667 0.040000 0.149333
7 0.779000 0.738667 0.402000 0.410667
7 0.593000 0.754667 0.790000 0.485333
7 0.678000 0.754667 0.488000 0.432000
69 0.840000 0.865333 0.164000 0.226667
69 0.641000 0.288000 0.066000 0.096000
69 0.670000 0.317333 0.252000 0.256000
109 0.833000 0.876000 0.074000 0.248000
124 0.240000 0.690667 0.460000 0.608000
3 0.497000 0.354667 0.994000 0.698667
3 0.393000 0.334667 0.774000 0.578667
28 0.781000 0.674667 0.314000 0.213333