100 0.894000 0.301205 0.208000 0.602410
100 0.448000 0.289157 0.064000 0.138554
19 0.539000 0.457831 0.050000 0.096386
110 0.490000 0.519578 0.164000 0.219880
56 0.596000 0.736446 0.804000 0.322289
11 0.596000 0.730422 0.808000 0.304217
22 0.501000 0.771084 0.998000 0.457831
22 0.489000 0.150602 0.354000 0.271084
120 0.500000 0.561747 1.000000 0.876506
41 0.412000 0.539157 0.012000 0.108434
2 0.794000 0.319277 0.412000 0.638554
2 0.483000 0.240964 0.386000 0.481928
84 0.750000 0.370482 0.192000 0.421687
84 0.561000 0.533133 0.022000 0.150602