58 0.878000 0.354667 0.236000 0.101333
58 0.328000 0.344000 0.656000 0.090667
58 0.107000 0.396000 0.214000 0.061333
37 0.533000 0.329333 0.638000 0.152000
37 0.206000 0.348000 0.292000 0.088000
37 0.427000 0.328000 0.758000 0.165333
37 0.446000 0.365333 0.084000 0.133333
7 0.929000 0.561333 0.010000 0.109333
7 0.911000 0.458667 0.074000 0.106667
146 0.403000 0.449333 0.458000 0.130667
6 0.521000 0.778667 0.030000 0.101333
6 0.524000 0.776000 0.040000 0.133333
6 0.537000 0.772000 0.014000 0.088000
55 0.336000 0.598667 0.148000 0.109333
55 0.406000 0.764000 0.432000 0.450667
4 0.533000 0.750667 0.026000 0.061333
9 0.941000 0.437333 0.094000 0.074667
9 0.120000 0.597333 0.048000 0.117333
8 0.538000 0.210667 0.792000 0.320000
8 0.504000 0.257333 0.980000 0.498667
8 0.336000 0.253333 0.360000 0.293333
8 0.501000 0.281333 0.914000 0.349333
8 0.423000 0.222667 0.846000 0.440000
41 0.870000 0.424000 0.020000 0.176000
125 0.237000 0.548000 0.086000 0.045333
125 0.238000 0.557333 0.084000 0.037333
125 0.152000 0.778667 0.120000 0.149333
43 0.777000 0.614667 0.146000 0.061333
135 0.564000 0.621333 0.272000 0.085333
135 0.547000 0.622667 0.306000 0.114667