88 0.586000 0.779449 0.372000 0.320802
73 0.589000 0.335840 0.790000 0.451128
126 0.109000 0.474937 0.202000 0.909774
44 0.108000 0.868421 0.016000 0.017544
44 0.396000 0.520050 0.012000 0.012531
44 0.393000 0.541353 0.014000 0.015038
44 0.442000 0.575188 0.008000 0.012531
44 0.438000 0.503759 0.012000 0.025063
44 0.096000 0.889724 0.016000 0.015038
44 0.072000 0.770677 0.012000 0.012531
44 0.391000 0.496241 0.010000 0.015038
79 0.389000 0.862155 0.082000 0.095238
79 0.384000 0.657895 0.012000 0.012531
79 0.332000 0.844612 0.084000 0.105263
22 0.196000 0.057644 0.068000 0.060150
22 0.288000 0.932331 0.052000 0.055138
120 0.316000 0.889724 0.224000 0.210526
120 0.439000 0.641604 0.250000 0.325815
81 0.580000 0.640351 0.336000 0.032581
2 0.276000 0.062657 0.272000 0.120301