36 0.465333 0.256000 0.088000 0.072000
64 0.286667 0.897000 0.136000 0.042000
64 0.461333 0.882000 0.122667 0.040000
15 0.510667 0.399000 0.061333 0.042000
32 0.750667 0.137000 0.104000 0.274000
10 0.318667 0.278000 0.173333 0.168000
10 0.461333 0.245000 0.138667 0.102000
92 0.453333 0.212000 0.117333 0.040000
114 0.224000 0.555000 0.362667 0.730000
22 0.648000 0.728000 0.245333 0.312000
14 0.116000 0.735000 0.061333 0.234000
14 0.096000 0.734000 0.032000 0.216000
14 0.220000 0.778000 0.050667 0.156000
14 0.442667 0.686000 0.170667 0.328000
14 0.530667 0.722000 0.085333 0.256000
82 0.210667 0.759000 0.080000 0.198000
12 0.390667 0.254000 0.605333 0.112000
78 0.193333 0.333000 0.210667 0.182000
30 0.380000 0.344000 0.050667 0.032000
149 0.442667 0.500000 0.885333 1.000000
3 0.708000 0.504000 0.584000 0.992000