5 0.800000 0.575529 0.352000 0.099698
5 0.891000 0.424471 0.198000 0.105740
20 0.228000 0.669184 0.104000 0.135952
11 0.486000 0.554381 0.172000 0.039275
7 0.839000 0.687311 0.078000 0.135952
7 0.740000 0.462236 0.036000 0.066465
107 0.657000 0.116314 0.194000 0.214502
98 0.600000 0.954683 0.584000 0.054381
51 0.804000 0.545317 0.340000 0.033233
51 0.649000 0.043807 0.130000 0.045317
8 0.501000 0.290030 0.990000 0.525680
59 0.790000 0.271903 0.264000 0.030211
28 0.500000 0.891239 0.984000 0.205438
28 0.446000 0.490937 0.828000 0.184290