128 0.597000 0.692000 0.258000 0.253333
101 0.561000 0.333333 0.050000 0.064000
7 0.495000 0.732000 0.990000 0.525333
10 0.561000 0.329333 0.034000 0.066667
114 0.328000 0.562667 0.168000 0.341333
114 0.446000 0.481333 0.136000 0.141333
12 0.271000 0.717333 0.122000 0.042667
1 0.578000 0.421333 0.128000 0.218667
109 0.489000 0.549333 0.086000 0.064000
8 0.194000 0.052000 0.388000 0.088000
72 0.497000 0.142667 0.990000 0.274667
72 0.148000 0.821333 0.292000 0.202667
76 0.469000 0.746667 0.090000 0.192000
2 0.107000 0.366667 0.094000 0.216000
2 0.210000 0.258667 0.220000 0.501333
17 0.367000 0.348000 0.082000 0.232000
17 0.030000 0.236000 0.048000 0.226667
35 0.396000 0.714667 0.064000 0.197333
35 0.455000 0.752000 0.082000 0.224000
23 0.572000 0.422667 0.084000 0.226667