105 0.500000 0.500000 1.000000 1.000000
105 0.869000 0.343844 0.074000 0.135135
36 0.642000 0.309309 0.064000 0.120120
36 0.050000 0.456456 0.076000 0.132132
57 0.295000 0.381381 0.370000 0.582583
15 0.034000 0.528529 0.068000 0.114114
47 0.684000 0.971471 0.068000 0.051051
47 0.734000 0.969970 0.020000 0.048048
47 0.774000 0.968468 0.044000 0.057057
47 0.992000 0.951952 0.016000 0.048048
47 0.968000 0.954955 0.020000 0.054054
61 0.825000 0.894895 0.354000 0.210210
29 0.745000 0.585586 0.110000 0.150150
27 0.864000 0.905405 0.048000 0.183183
71 0.822000 0.894895 0.356000 0.210210
4 0.692000 0.441441 0.212000 0.294294
4 0.863000 0.881381 0.038000 0.081081
9 0.921000 0.914414 0.030000 0.063063
59 0.499000 0.764264 0.998000 0.081081
81 0.500000 0.024024 0.996000 0.048048
0 0.849000 0.381381 0.298000 0.606607