105 0.299000 0.642188 0.442000 0.540625
105 0.782000 0.675000 0.216000 0.275000
20 0.646000 0.728125 0.048000 0.081250
21 0.387000 0.670312 0.038000 0.371875
21 0.467000 0.682813 0.026000 0.328125
7 0.740000 0.856250 0.500000 0.131250
12 0.860000 0.276562 0.036000 0.034375
12 0.353000 0.725000 0.022000 0.037500
13 0.983000 0.543750 0.026000 0.468750
13 0.929000 0.293750 0.130000 0.031250
55 0.693000 0.868750 0.402000 0.256250
9 0.055000 0.614062 0.090000 0.071875
9 0.910000 0.404687 0.120000 0.203125
9 0.235000 0.425000 0.242000 0.100000
8 0.498000 0.281250 0.996000 0.562500
81 0.314000 0.456250 0.436000 0.162500
125 0.648000 0.660937 0.096000 0.140625