116 0.606000 0.647147 0.028000 0.027027
21 0.133000 0.429429 0.226000 0.600601
31 0.441000 0.827327 0.874000 0.339339
79 0.676000 0.420420 0.044000 0.060060
7 0.909000 0.393393 0.070000 0.450450
102 0.810000 0.451952 0.096000 0.153153
102 0.234000 0.594595 0.096000 0.402402
75 0.399000 0.355856 0.154000 0.333333
71 0.679000 0.430931 0.082000 0.147147
71 0.822000 0.400901 0.104000 0.189189
93 0.366000 0.624625 0.064000 0.072072
93 0.314000 0.602102 0.080000 0.117117
18 0.577000 0.738739 0.306000 0.264264
3 0.819000 0.429429 0.358000 0.564565
3 0.321000 0.399399 0.634000 0.618619