87 0.635000 0.021333 0.026000 0.021333
15 0.404000 0.114667 0.320000 0.229333
22 0.083000 0.750667 0.046000 0.088000
22 0.098000 0.410667 0.052000 0.042667
22 0.251000 0.584000 0.070000 0.128000
22 0.437000 0.169333 0.030000 0.040000
1 0.619000 0.150667 0.762000 0.301333
34 0.500000 0.666667 1.000000 0.666667
24 0.528000 0.716000 0.868000 0.349333
4 0.764000 0.149333 0.472000 0.298667
141 0.976000 0.150667 0.044000 0.285333
18 0.500000 0.408000 1.000000 0.298667
18 0.089000 0.273333 0.178000 0.296000