53 0.500000 0.500000 1.000000 1.000000
37 0.500000 0.268000 1.000000 0.536000
25 0.140000 0.852000 0.012000 0.018667
56 0.500000 0.725333 1.000000 0.538667
11 0.501000 0.582667 0.998000 0.189333
10 0.163000 0.844000 0.066000 0.168000
10 0.655000 0.713333 0.046000 0.093333
14 0.291000 0.825333 0.050000 0.136000
14 0.245000 0.849333 0.058000 0.125333
14 0.466000 0.818667 0.028000 0.128000
14 0.442000 0.804000 0.048000 0.168000
82 0.558000 0.696000 0.024000 0.085333
8 0.500000 0.266667 1.000000 0.528000
41 0.469000 0.732000 0.034000 0.114667
84 0.282000 0.560000 0.016000 0.021333
137 0.367000 0.609333 0.130000 0.045333
137 0.526000 0.672000 0.132000 0.154667