53 0.724000 0.501502 0.464000 0.990991
136 0.695000 0.111111 0.538000 0.174174
33 0.737000 0.367868 0.106000 0.153153
36 0.741000 0.297297 0.046000 0.216216
16 0.779000 0.175676 0.106000 0.105105
15 0.698000 0.651652 0.084000 0.096096
85 0.507000 0.021021 0.026000 0.042042
30 0.731000 0.295796 0.022000 0.045045
29 0.827000 0.930931 0.254000 0.132132
6 0.783000 0.558559 0.322000 0.870871
132 0.300000 0.621622 0.108000 0.036036
13 0.471000 0.588589 0.402000 0.090090
4 0.814000 0.647147 0.268000 0.471471
18 0.757000 0.870871 0.482000 0.234234
18 0.624000 0.441441 0.192000 0.186186