20 0.500000 0.557000 1.000000 0.626000
136 0.500000 0.123000 1.000000 0.246000
21 0.587349 0.543000 0.246988 0.454000
21 0.341867 0.550000 0.298193 0.488000
31 0.594880 0.699000 0.189759 0.130000
57 0.344880 0.504000 0.195783 0.204000
7 0.500000 0.899000 1.000000 0.202000
32 0.460843 0.654000 0.036145 0.064000
40 0.500000 0.935000 1.000000 0.130000
61 0.364458 0.696000 0.096386 0.028000
98 0.344880 0.511000 0.165663 0.190000
51 0.498494 0.134000 0.996988 0.264000
59 0.500000 0.644000 1.000000 0.108000
94 0.403614 0.554000 0.807229 0.568000
0 0.340361 0.508000 0.210843 0.212000
23 0.325301 0.582000 0.126506 0.104000