5 0.899000 0.366366 0.202000 0.102102
37 0.242000 0.111111 0.448000 0.180180
37 0.743000 0.145646 0.182000 0.249249
21 0.315000 0.603604 0.046000 0.126126
11 0.500000 0.569069 0.996000 0.297297
7 0.488000 0.480480 0.716000 0.060060
7 0.418000 0.911411 0.692000 0.177177
30 0.174000 0.665165 0.104000 0.135135
8 0.500000 0.199700 1.000000 0.399399
2 0.059000 0.376877 0.086000 0.153153
2 0.311000 0.375375 0.078000 0.066066
17 0.126000 0.403904 0.092000 0.081081
35 0.283000 0.785285 0.038000 0.045045
43 0.678000 0.581081 0.024000 0.045045
43 0.960000 0.569069 0.028000 0.045045