88 0.385000 0.791000 0.218000 0.134000
95 0.673000 0.882000 0.058000 0.024000
95 0.726000 0.827000 0.044000 0.018000
95 0.351000 0.845000 0.074000 0.030000
95 0.269000 0.787000 0.054000 0.022000
95 0.759000 0.843000 0.034000 0.018000
5 0.589000 0.504000 0.334000 0.592000
97 0.580000 0.247000 0.044000 0.034000
58 0.816000 0.432000 0.044000 0.032000
58 0.762000 0.527000 0.028000 0.054000
21 0.597000 0.531000 0.050000 0.106000
21 0.567000 0.675000 0.074000 0.118000
7 0.510000 0.764000 0.920000 0.368000
27 0.261000 0.655000 0.022000 0.046000
71 0.500000 0.500000 1.000000 1.000000
8 0.479000 0.315000 0.818000 0.618000
0 0.603000 0.417000 0.038000 0.062000
0 0.681000 0.413000 0.038000 0.062000
0 0.683000 0.518000 0.042000 0.088000