11 0.497000 0.768997 0.994000 0.437690
7 0.499000 0.740122 0.998000 0.507599
7 0.728000 0.212766 0.156000 0.182371
92 0.763000 0.595745 0.054000 0.079027
92 0.493000 0.402736 0.042000 0.075988
92 0.349000 0.194529 0.034000 0.042553
92 0.763000 0.582067 0.066000 0.069909
92 0.483000 0.401216 0.050000 0.109422
29 0.547000 0.699088 0.342000 0.218845
34 0.490000 0.838906 0.184000 0.115502
48 0.923000 0.791793 0.074000 0.051672
112 0.312000 0.545593 0.108000 0.057751
81 0.346000 0.285714 0.120000 0.145897
81 0.484000 0.468085 0.100000 0.158055
3 0.508000 0.424012 0.972000 0.197568