83 0.224000 0.756000 0.164000 0.050667
5 0.592000 0.156000 0.240000 0.312000
56 0.467000 0.516000 0.934000 0.957333
7 0.915000 0.434667 0.078000 0.106667
142 0.933000 0.548000 0.042000 0.018667
108 0.476000 0.766667 0.436000 0.072000
1 0.938000 0.548000 0.060000 0.098667
1 0.228000 0.697333 0.056000 0.152000
1 0.116000 0.732000 0.100000 0.168000
13 0.157000 0.182667 0.050000 0.200000
13 0.717000 0.286667 0.102000 0.338667
4 0.134000 0.690667 0.048000 0.026667
9 0.120000 0.441333 0.100000 0.061333
2 0.558000 0.344000 0.076000 0.085333
3 0.516000 0.448000 0.960000 0.069333
0 0.570000 0.082667 0.012000 0.032000
0 0.631000 0.042667 0.014000 0.032000
0 0.569000 0.237333 0.010000 0.021333
0 0.647000 0.232000 0.014000 0.026667
0 0.643000 0.088000 0.014000 0.032000