5 0.428000 0.881250 0.856000 0.232500
58 0.040000 0.192500 0.080000 0.035000
58 0.055000 0.360000 0.102000 0.065000
58 0.029000 0.081250 0.046000 0.042500
37 0.252000 0.641250 0.032000 0.052500
37 0.055000 0.732500 0.090000 0.045000
37 0.233000 0.745000 0.058000 0.040000
37 0.663000 0.846250 0.062000 0.067500
37 0.078000 0.018750 0.064000 0.037500
37 0.332000 0.565000 0.048000 0.040000
22 0.979000 0.031250 0.026000 0.052500
13 0.506000 0.671250 0.056000 0.647500
9 0.489000 0.393750 0.438000 0.292500
9 0.538000 0.613750 0.516000 0.312500
8 0.480000 0.393750 0.956000 0.777500
17 0.720000 0.502500 0.548000 0.990000
0 0.596000 0.967500 0.016000 0.065000
0 0.335000 0.942500 0.030000 0.095000
0 0.054000 0.941250 0.044000 0.107500
0 0.676000 0.973750 0.012000 0.042500
0 0.807000 0.981250 0.006000 0.022500
0 0.547000 0.965000 0.018000 0.070000
0 0.418000 0.948750 0.028000 0.087500