100 0.936000 0.094667 0.108000 0.189333
19 0.068000 0.125333 0.044000 0.064000
7 0.494000 0.673333 0.988000 0.653333
10 0.077000 0.201333 0.078000 0.221333
39 0.367000 0.933333 0.046000 0.048000
24 0.502000 0.762667 0.996000 0.474667
59 0.353000 0.316000 0.190000 0.173333
41 0.460000 0.450667 0.048000 0.426667
2 0.071000 0.302667 0.138000 0.594667
2 0.875000 0.272000 0.250000 0.528000
2 0.670000 0.184000 0.256000 0.346667
84 0.824000 0.301333 0.144000 0.586667
137 0.765000 0.602667 0.354000 0.325333
137 0.261000 0.376000 0.450000 0.576000