38 0.472000 0.414000 0.080000 0.080000
115 0.268000 0.274000 0.440000 0.108000
101 0.570667 0.314000 0.080000 0.036000
58 0.500000 0.173000 1.000000 0.346000
74 0.498667 0.752000 0.992000 0.488000
56 0.497333 0.712000 0.994667 0.560000
138 0.453333 0.356000 0.048000 0.036000
10 0.568000 0.324000 0.080000 0.056000
92 0.569333 0.323000 0.082667 0.050000
42 0.536000 0.421000 0.213333 0.150000
61 0.925333 0.372000 0.069333 0.040000
61 0.980000 0.372000 0.040000 0.040000
1 0.533333 0.558000 0.213333 0.520000
65 0.572000 0.424000 0.066667 0.060000
29 0.524000 0.637000 0.146667 0.318000
13 0.610667 0.167000 0.016000 0.322000
4 0.537333 0.422000 0.205333 0.148000
48 0.473333 0.787000 0.050667 0.066000
9 0.277333 0.169000 0.496000 0.142000
8 0.496000 0.177000 0.992000 0.354000
3 0.500000 0.383000 1.000000 0.098000