5 0.774000 0.612772 0.452000 0.339674
20 0.379000 0.793478 0.202000 0.168478
37 0.487000 0.542120 0.210000 0.133152
37 0.826000 0.483696 0.100000 0.097826
37 0.644000 0.282609 0.640000 0.326087
7 0.435000 0.802989 0.546000 0.171196
13 0.537000 0.677989 0.006000 0.138587
13 0.712000 0.513587 0.068000 0.646739
13 0.227000 0.724185 0.014000 0.144022
55 0.492000 0.796196 0.456000 0.206522
49 0.163000 0.819293 0.290000 0.122283
49 0.719000 0.811141 0.398000 0.144022
9 0.740000 0.642663 0.052000 0.024457
9 0.740000 0.620924 0.040000 0.019022
8 0.557000 0.376359 0.874000 0.562500
60 0.448000 0.789402 0.656000 0.225543
2 0.207000 0.445652 0.402000 0.641304
3 0.789000 0.744565 0.414000 0.255435
3 0.135000 0.786685 0.270000 0.192935
0 0.825000 0.631793 0.026000 0.057065