88 0.161000 0.384384 0.322000 0.096096
100 0.432000 0.237237 0.016000 0.042042
100 0.483000 0.073574 0.046000 0.117117
100 0.642000 0.024024 0.028000 0.048048
100 0.457000 0.142643 0.050000 0.027027
100 0.824000 0.100601 0.108000 0.195195
100 0.743000 0.118619 0.046000 0.201201
100 0.534000 0.070571 0.036000 0.117117
100 0.365000 0.129129 0.050000 0.048048
100 0.141000 0.088589 0.042000 0.057057
130 0.204000 0.388889 0.080000 0.093093
144 0.419000 0.498498 0.094000 0.042042
19 0.699000 0.357357 0.018000 0.042042
140 0.615000 0.525526 0.034000 0.018018
80 0.416000 0.500000 0.064000 0.039039
7 0.821000 0.966967 0.130000 0.066066
15 0.622000 0.500000 0.060000 0.087087
15 0.581000 0.500000 0.062000 0.099099
1 0.440000 0.519520 0.652000 0.486486
30 0.657000 0.366366 0.018000 0.018018
6 0.156000 0.360360 0.140000 0.150150
4 0.650000 0.557057 0.236000 0.273273
48 0.185000 0.575075 0.126000 0.237237
48 0.191000 0.684685 0.158000 0.162162
2 0.335000 0.219219 0.190000 0.420420
2 0.671000 0.211712 0.454000 0.423423
2 0.059000 0.196697 0.118000 0.393393
2 0.933000 0.229730 0.114000 0.435435
84 0.550000 0.267267 0.076000 0.192192