5 0.682000 0.285285 0.636000 0.570571
105 0.497000 0.506006 0.794000 0.663664
20 0.086000 0.561562 0.068000 0.054054
58 0.212000 0.156156 0.364000 0.312312
7 0.500000 0.780781 1.000000 0.438438
40 0.655000 0.815315 0.690000 0.363363
40 0.827000 0.897898 0.066000 0.060060
40 0.896000 0.836336 0.052000 0.045045
40 0.766000 0.957958 0.052000 0.042042
40 0.953000 0.782282 0.042000 0.045045
61 0.300000 0.253754 0.040000 0.069069
27 0.964000 0.533033 0.020000 0.039039
6 0.025000 0.587087 0.034000 0.129129
49 0.053000 0.630631 0.106000 0.090090
9 0.457000 0.630631 0.022000 0.054054
60 0.499000 0.783784 0.998000 0.432432
76 0.937000 0.569069 0.022000 0.033033
76 0.812000 0.639640 0.044000 0.096096
76 0.496000 0.723724 0.096000 0.168168
3 0.630000 0.328829 0.112000 0.093093
0 0.818000 0.462462 0.136000 0.156156
0 0.180000 0.457958 0.132000 0.285285
0 0.511000 0.474474 0.130000 0.144144
0 0.632000 0.448949 0.096000 0.177177