97 0.013000 0.358667 0.026000 0.061333
31 0.109000 0.820000 0.218000 0.360000
44 0.751000 0.830667 0.038000 0.045333
44 0.705000 0.450667 0.022000 0.026667
44 0.327000 0.692000 0.034000 0.034667
44 0.458000 0.488000 0.024000 0.021333
44 0.633000 0.573333 0.026000 0.026667
96 0.021000 0.429333 0.042000 0.032000
40 0.451000 0.285333 0.058000 0.256000
40 0.365000 0.302667 0.058000 0.274667
65 0.010000 0.348000 0.016000 0.024000
93 0.411000 0.132000 0.194000 0.077333
93 0.396000 0.316000 0.284000 0.312000
93 0.180000 0.329333 0.208000 0.269333
93 0.538000 0.234667 0.112000 0.165333
93 0.184000 0.258667 0.260000 0.293333
18 0.038000 0.481333 0.076000 0.253333
3 0.500000 0.308000 0.996000 0.610667