67 0.740000 0.490991 0.220000 0.879880
56 0.501000 0.917417 0.994000 0.165165
56 0.501000 0.767267 0.998000 0.147147
91 0.305000 0.564565 0.282000 0.642643
11 0.500000 0.920420 1.000000 0.159159
11 0.500000 0.770270 1.000000 0.147147
16 0.745000 0.129129 0.090000 0.150150
16 0.305000 0.321321 0.118000 0.156156
15 0.434000 0.486486 0.032000 0.048048
22 0.415000 0.060060 0.018000 0.018018
22 0.176000 0.740240 0.008000 0.009009
62 0.550000 0.519520 0.032000 0.642643
4 0.752000 0.373874 0.180000 0.345345
48 0.741000 0.903904 0.082000 0.054054
48 0.754000 0.810811 0.052000 0.108108
112 0.217000 0.821321 0.042000 0.045045
66 0.714000 0.618619 0.156000 0.252252
2 0.059000 0.288288 0.118000 0.576577
2 0.224000 0.282282 0.368000 0.564565