128 0.597598 0.171000 0.552553 0.242000
26 0.367868 0.104000 0.735736 0.208000
10 0.255255 0.461000 0.246246 0.138000
10 0.698198 0.436000 0.357357 0.312000
22 0.537538 0.068000 0.036036 0.020000
22 0.543544 0.064000 0.048048 0.032000
22 0.906907 0.321000 0.018018 0.026000
78 0.439940 0.556000 0.255255 0.208000
46 0.454955 0.233000 0.123123 0.078000
46 0.340841 0.306000 0.093093 0.104000
46 0.504505 0.331000 0.096096 0.070000
46 0.427928 0.429000 0.117117 0.086000
2 0.764264 0.166000 0.471471 0.332000