123 0.484000 0.666667 0.148000 0.384000
136 0.477000 0.037333 0.954000 0.074667
21 0.509000 0.486667 0.270000 0.840000
79 0.506000 0.569333 0.024000 0.034667
79 0.567000 0.546667 0.022000 0.026667
1 0.292000 0.490667 0.072000 0.117333
71 0.211000 0.420000 0.070000 0.109333
71 0.117000 0.525333 0.086000 0.080000
90 0.748000 0.596000 0.180000 0.120000
90 0.227000 0.816000 0.346000 0.096000
149 0.541000 0.669333 0.066000 0.064000
3 0.749000 0.109333 0.150000 0.074667
3 0.195000 0.384000 0.390000 0.720000