86 0.485000 0.586340 0.090000 0.038660
33 0.208000 0.630155 0.152000 0.213918
33 0.258000 0.532216 0.076000 0.121134
21 0.293000 0.476804 0.038000 0.273196
31 0.252000 0.804124 0.504000 0.391753
102 0.714000 0.490979 0.092000 0.203608
102 0.446000 0.479381 0.056000 0.118557
12 0.715000 0.429124 0.090000 0.090206
12 0.123000 0.438144 0.074000 0.077320
93 0.520000 0.539948 0.052000 0.059278
93 0.199000 0.581186 0.082000 0.069588
120 0.099000 0.523196 0.198000 0.453608
62 0.718000 0.528351 0.036000 0.113402
18 0.490000 0.626289 0.180000 0.082474
149 0.053000 0.685567 0.086000 0.113402
3 0.059000 0.394330 0.114000 0.489691
0 0.249000 0.271907 0.130000 0.110825