117 0.471000 0.501502 0.338000 0.636637
117 0.598000 0.390390 0.112000 0.402402
11 0.498000 0.321321 0.996000 0.642643
7 0.499000 0.500000 0.998000 1.000000
10 0.566000 0.220721 0.052000 0.063063
10 0.336000 0.243243 0.072000 0.114114
14 0.477000 0.672673 0.046000 0.294294
14 0.519000 0.677177 0.030000 0.291291
14 0.614000 0.672673 0.048000 0.264264
14 0.584000 0.663664 0.056000 0.294294
78 0.432000 0.315315 0.116000 0.150150
78 0.594000 0.280781 0.044000 0.123123
27 0.880000 0.036036 0.036000 0.042042
27 0.849000 0.048048 0.014000 0.024024
131 0.297000 0.168168 0.074000 0.054054
148 0.500000 0.776276 1.000000 0.441441
46 0.411000 0.280781 0.022000 0.027027
46 0.502000 0.483483 0.020000 0.042042
46 0.380000 0.276276 0.016000 0.024024
46 0.546000 0.503003 0.016000 0.033033
46 0.461000 0.336336 0.026000 0.042042
76 0.844000 0.169670 0.028000 0.051051
76 0.939000 0.156156 0.038000 0.048048
76 0.782000 0.183183 0.024000 0.018018
2 0.645000 0.060060 0.030000 0.120120
125 0.876000 0.121622 0.236000 0.147147
35 0.845000 0.168168 0.026000 0.048048
35 0.940000 0.156156 0.036000 0.048048
35 0.783000 0.178679 0.026000 0.021021