115 0.738000 0.573000 0.196000 0.034000
86 0.162000 0.680000 0.148000 0.176000
86 0.480000 0.391000 0.184000 0.098000
86 0.654000 0.373000 0.172000 0.102000
83 0.139000 0.439000 0.214000 0.058000
83 0.316000 0.423000 0.128000 0.054000
123 0.500000 0.159000 1.000000 0.250000
89 0.618000 0.610000 0.700000 0.120000
89 0.495000 0.722000 0.930000 0.136000
89 0.499000 0.840000 0.930000 0.260000
80 0.138000 0.435000 0.216000 0.054000
32 0.255000 0.674000 0.050000 0.052000
12 0.364000 0.166000 0.080000 0.140000
12 0.587000 0.745000 0.098000 0.038000
108 0.605000 0.909000 0.026000 0.126000
90 0.499000 0.409000 0.934000 0.190000
9 0.126000 0.437000 0.112000 0.026000