5 0.588000 0.612613 0.808000 0.624625
21 0.343000 0.566066 0.018000 0.141141
21 0.785000 0.590090 0.058000 0.249249
21 0.475000 0.572072 0.042000 0.189189
21 0.576000 0.587087 0.044000 0.231231
21 0.399000 0.569069 0.030000 0.165165
21 0.255000 0.555556 0.014000 0.108108
21 0.285000 0.560060 0.018000 0.123123
51 0.647000 0.393393 0.706000 0.132132
9 0.621000 0.533033 0.030000 0.087087
94 0.466000 0.590090 0.932000 0.399399
17 0.029000 0.490991 0.046000 0.051051
0 0.521000 0.546547 0.046000 0.102102
0 0.727000 0.536036 0.066000 0.135135