21 0.809000 0.230667 0.090000 0.136000
21 0.598000 0.286667 0.120000 0.418667
21 0.130000 0.488000 0.260000 0.976000
21 0.382000 0.274667 0.228000 0.549333
21 0.716000 0.344000 0.112000 0.432000
140 0.349000 0.885333 0.050000 0.021333
140 0.527000 0.770667 0.066000 0.037333
57 0.350000 0.860000 0.068000 0.216000
57 0.512000 0.729333 0.064000 0.194667
96 0.520000 0.322667 0.096000 0.016000
96 0.300000 0.428000 0.112000 0.024000
4 0.826000 0.728000 0.336000 0.533333
23 0.527000 0.588000 0.294000 0.813333
23 0.235000 0.656000 0.394000 0.688000