38 0.642643 0.342000 0.246246 0.116000
101 0.079580 0.611000 0.159159 0.054000
101 0.150150 0.498000 0.102102 0.028000
101 0.055556 0.512000 0.111111 0.036000
101 0.588589 0.831000 0.324324 0.122000
101 0.899399 0.590000 0.201201 0.076000
101 0.516517 0.557000 0.252252 0.066000
101 0.641141 0.419000 0.261261 0.038000
101 0.866366 0.563000 0.249249 0.058000
101 0.680180 0.543000 0.111111 0.030000
21 0.879880 0.207000 0.240240 0.414000
25 0.300300 0.332000 0.018018 0.016000
36 0.376877 0.350000 0.255255 0.140000
30 0.346847 0.396000 0.081081 0.036000
18 0.202703 0.853000 0.405405 0.294000
2 0.033033 0.276000 0.066066 0.452000