53 0.058559 0.145000 0.093093 0.222000
68 0.378378 0.816000 0.378378 0.372000
68 0.153153 0.320000 0.150150 0.180000
101 0.048048 0.387000 0.096096 0.070000
130 0.121622 0.530000 0.243243 0.260000
130 0.178679 0.327000 0.201201 0.226000
31 0.500000 0.743000 1.000000 0.514000
96 0.669670 0.212000 0.048048 0.012000
16 0.768769 0.225000 0.222222 0.322000
142 0.334835 0.335000 0.021021 0.014000
45 0.046547 0.388000 0.093093 0.072000
42 0.534535 0.279000 0.126126 0.110000
119 0.133634 0.106000 0.039039 0.036000
1 0.177177 0.337000 0.198198 0.366000
1 0.521021 0.269000 0.147147 0.146000
1 0.370871 0.324000 0.171171 0.272000
1 0.672673 0.225000 0.066066 0.078000
27 0.280781 0.265000 0.063063 0.106000
6 0.123123 0.522000 0.246246 0.348000
4 0.367868 0.284000 0.165165 0.108000
9 0.408408 0.115000 0.612613 0.086000
23 0.681682 0.495000 0.420420 0.878000