101 0.853000 0.239612 0.066000 0.063712
101 0.094000 0.349030 0.088000 0.094183
116 0.364000 0.540166 0.028000 0.072022
116 0.565000 0.641274 0.038000 0.096953
116 0.481000 0.533241 0.026000 0.058172
80 0.454000 0.627424 0.032000 0.036011
80 0.527000 0.837950 0.150000 0.102493
80 0.490000 0.583102 0.100000 0.047091
80 0.274000 0.548476 0.108000 0.033241
91 0.536000 0.458449 0.100000 0.263158
91 0.438000 0.414127 0.144000 0.240997
91 0.188000 0.644044 0.324000 0.518006
7 0.867000 0.519391 0.090000 0.124654
16 0.172000 0.328255 0.072000 0.085873
45 0.623000 0.325485 0.106000 0.074792
10 0.850000 0.421053 0.132000 0.177285
1 0.629000 0.475069 0.218000 0.385042
1 0.838000 0.289474 0.136000 0.168975
1 0.760000 0.656510 0.444000 0.675900
29 0.230000 0.803324 0.244000 0.260388
6 0.171000 0.495845 0.254000 0.382271
34 0.355000 0.652355 0.110000 0.052632
34 0.328000 0.584488 0.096000 0.038781
34 0.408000 0.736842 0.124000 0.072022
4 0.637000 0.519391 0.178000 0.235457
4 0.845000 0.702216 0.270000 0.457064
4 0.851000 0.318560 0.106000 0.088643
4 0.535000 0.497230 0.102000 0.152355
18 0.513000 0.720222 0.598000 0.504155
3 0.349000 0.391967 0.326000 0.163435
0 0.601000 0.159280 0.166000 0.318560
43 0.751000 0.185596 0.142000 0.288089
23 0.198000 0.418283 0.136000 0.265928