128 0.106000 0.633041 0.040000 0.043860
126 0.396000 0.916667 0.068000 0.084795
37 0.499000 0.273392 0.998000 0.546784
134 0.693000 0.616959 0.026000 0.035088
134 0.634000 0.611111 0.052000 0.046784
134 0.596000 0.619883 0.040000 0.046784
134 0.164000 0.635965 0.044000 0.061404
134 0.112000 0.653509 0.072000 0.090643
134 0.329000 0.630117 0.054000 0.049708
99 0.186000 0.603801 0.372000 0.055556
10 0.132000 0.679825 0.024000 0.038012
82 0.081000 0.679825 0.014000 0.043860
8 0.499000 0.273392 0.998000 0.546784
46 0.263000 0.808480 0.030000 0.026316
41 0.149000 0.634503 0.006000 0.046784
41 0.076000 0.638889 0.008000 0.026316
28 0.499000 0.576023 0.998000 0.140351