19 0.881333 0.035000 0.018667 0.022000
26 0.750667 0.325000 0.498667 0.258000
11 0.814667 0.400000 0.381333 0.116000
16 0.913333 0.025000 0.088000 0.050000
10 0.913333 0.041000 0.098667 0.082000
1 0.736000 0.197000 0.448000 0.394000
30 0.913333 0.069000 0.018667 0.014000
24 0.844000 0.377000 0.306667 0.014000
4 0.746667 0.092000 0.256000 0.156000
48 0.585333 0.368000 0.082667 0.044000
48 0.530667 0.380000 0.026667 0.040000
2 0.844000 0.250000 0.088000 0.088000
2 0.950667 0.244000 0.045333 0.104000
2 0.966667 0.275000 0.061333 0.046000
2 0.912000 0.250000 0.048000 0.076000
17 0.784000 0.259000 0.074667 0.066000
35 0.538667 0.448000 0.016000 0.012000
35 0.622667 0.436000 0.013333 0.012000