5 0.539000 0.514398 0.610000 0.222513
26 0.279000 0.658377 0.078000 0.023560
127 0.639000 0.253927 0.030000 0.109948
10 0.540000 0.583770 0.016000 0.026178
12 0.121000 0.560209 0.042000 0.099476
12 0.067000 0.586387 0.026000 0.062827
1 0.769000 0.721204 0.046000 0.206806
27 0.546000 0.715969 0.032000 0.143979
27 0.942000 0.667539 0.020000 0.083770
27 0.459000 0.660995 0.010000 0.044503
13 0.635000 0.541885 0.010000 0.596859
51 0.547000 0.480366 0.278000 0.107330
9 0.417000 0.586387 0.150000 0.026178
8 0.500000 0.363874 0.992000 0.502618
2 0.200000 0.574607 0.068000 0.075916
17 0.891000 0.573298 0.142000 0.078534
52 0.759000 0.611257 0.094000 0.034031
3 0.543000 0.586387 0.594000 0.083770
3 0.886000 0.621728 0.220000 0.028796
28 0.211000 0.767016 0.210000 0.104712
28 0.542000 0.640052 0.060000 0.034031
23 0.730000 0.735602 0.052000 0.198953