5 0.301000 0.168168 0.510000 0.330330
101 0.632000 0.402402 0.032000 0.030030
26 0.952000 0.728228 0.096000 0.285285
12 0.638000 0.399399 0.016000 0.024024
65 0.070000 0.684685 0.012000 0.024024
65 0.621000 0.614114 0.010000 0.015015
133 0.385000 0.866366 0.770000 0.267267
94 0.268000 0.546547 0.536000 0.750751
94 0.688000 0.584084 0.320000 0.411411
2 0.480000 0.283784 0.416000 0.321321
2 0.131000 0.220721 0.262000 0.183183
0 0.271000 0.501502 0.074000 0.120120
0 0.177000 0.481982 0.094000 0.141141