53 0.500000 0.169670 1.000000 0.339339
130 0.580000 0.576577 0.476000 0.834835
19 0.577000 0.198198 0.026000 0.054054
138 0.356000 0.834835 0.064000 0.126126
108 0.938000 0.938438 0.124000 0.123123
61 0.489000 0.498498 0.034000 0.066066
30 0.484000 0.238739 0.028000 0.057057
6 0.952000 0.172673 0.096000 0.345345
6 0.394000 0.405405 0.188000 0.402402
13 0.566000 0.309309 0.032000 0.264264
49 0.500000 0.596096 1.000000 0.807808
52 0.556000 0.123123 0.792000 0.246246
23 0.573000 0.576577 0.502000 0.852853