7 0.502000 0.613333 0.988000 0.725333
15 0.417000 0.592000 0.062000 0.074667
15 0.446000 0.500000 0.036000 0.045333
45 0.432000 0.336000 0.076000 0.090667
10 0.418000 0.354667 0.080000 0.133333
1 0.358000 0.634667 0.208000 0.698667
4 0.343000 0.498667 0.114000 0.250667
66 0.345000 0.696000 0.142000 0.186667
72 0.497000 0.632000 0.994000 0.720000
72 0.498000 0.634667 0.996000 0.720000
72 0.471000 0.648000 0.914000 0.693333
2 0.646000 0.342667 0.704000 0.312000
2 0.585000 0.158667 0.090000 0.152000
2 0.219000 0.157333 0.054000 0.197333
2 0.823000 0.176000 0.066000 0.133333
2 0.086000 0.273333 0.040000 0.237333
17 0.531000 0.174667 0.382000 0.258667