121 0.806000 0.448949 0.016000 0.021021
5 0.320000 0.558559 0.640000 0.870871
97 0.560000 0.681682 0.064000 0.162162
37 0.816000 0.726727 0.360000 0.546547
37 0.158000 0.307808 0.316000 0.303303
139 0.537000 0.554054 0.094000 0.087087
36 0.563000 0.692192 0.042000 0.069069
142 0.549000 0.684685 0.034000 0.048048
63 0.544000 0.881381 0.032000 0.057057
51 0.461000 0.331832 0.326000 0.393393
24 0.562000 0.906907 0.144000 0.174174
8 0.500000 0.501502 1.000000 0.978979
81 0.464000 0.327327 0.340000 0.432432
3 0.556000 0.719219 0.168000 0.549550
3 0.411000 0.641141 0.170000 0.237237
0 0.287000 0.882883 0.058000 0.126126
43 0.371000 0.902402 0.054000 0.129129
43 0.451000 0.932432 0.046000 0.117117
43 0.391000 0.427928 0.046000 0.129129
43 0.153000 0.875375 0.062000 0.123123