5 0.226343 0.324000 0.437340 0.632000
21 0.285166 0.528000 0.099744 0.180000
11 0.232737 0.801000 0.439898 0.382000
7 0.656010 0.765000 0.687980 0.442000
15 0.212276 0.511000 0.010230 0.014000
45 0.663683 0.314000 0.084399 0.044000
45 0.470588 0.282000 0.086957 0.052000
10 0.470588 0.305000 0.071611 0.070000
10 0.666240 0.344000 0.063939 0.064000
1 0.856777 0.502000 0.112532 0.324000
1 0.209719 0.549000 0.061381 0.154000
1 0.755754 0.507000 0.079284 0.338000
1 0.282609 0.543000 0.069054 0.162000
112 0.558824 0.507000 0.094629 0.090000
112 0.534527 0.825000 0.076726 0.042000
2 0.145780 0.311000 0.271100 0.598000
17 0.707161 0.283000 0.554987 0.282000
0 0.216113 0.241000 0.048593 0.142000