58 0.499000 0.054054 0.998000 0.090090
134 0.508000 0.761261 0.388000 0.471471
134 0.506000 0.327327 0.196000 0.084084
134 0.718000 0.726727 0.156000 0.522523
134 0.340000 0.545045 0.604000 0.609610
74 0.555000 0.351351 0.634000 0.360360
19 0.429000 0.585586 0.034000 0.054054
26 0.478000 0.481982 0.852000 0.651652
56 0.500000 0.340841 0.988000 0.549550
11 0.515000 0.328829 0.962000 0.417417
7 0.500000 0.204204 1.000000 0.210210
10 0.103000 0.352853 0.102000 0.177177
13 0.023000 0.566066 0.042000 0.849850
131 0.085000 0.915916 0.130000 0.162162
8 0.499000 0.063063 0.990000 0.108108
28 0.700000 0.815315 0.592000 0.363363