54 0.816568 0.777000 0.142012 0.438000
54 0.263314 0.779000 0.147929 0.438000
44 0.786982 0.329000 0.112426 0.126000
44 0.554734 0.326000 0.198225 0.120000
44 0.375740 0.338000 0.130178 0.140000
44 0.520710 0.252000 0.224852 0.088000
44 0.600592 0.189000 0.153846 0.098000
44 0.359467 0.203000 0.156805 0.070000
44 0.235207 0.211000 0.133136 0.078000
79 0.667160 0.372000 0.085799 0.084000
8 0.500000 0.292000 1.000000 0.584000
81 0.269231 0.582000 0.071006 0.044000
17 0.232249 0.755000 0.464497 0.490000
149 0.544379 0.790000 0.295858 0.412000