128 0.427000 0.592105 0.078000 0.146617
100 0.232000 0.238722 0.448000 0.349624
19 0.628000 0.460526 0.016000 0.063910
19 0.251000 0.413534 0.022000 0.052632
11 0.500000 0.736842 1.000000 0.526316
10 0.930000 0.501880 0.052000 0.139098
10 0.641000 0.505639 0.070000 0.154135
39 0.716000 0.031955 0.052000 0.041353
39 0.438000 0.133459 0.048000 0.041353
14 0.215000 0.721805 0.022000 0.082707
78 0.584000 0.539474 0.064000 0.139098
30 0.951000 0.552632 0.010000 0.015038
30 0.673000 0.548872 0.010000 0.022556
46 0.799000 0.612782 0.074000 0.150376
59 0.843000 0.618421 0.014000 0.131579
59 0.764000 0.618421 0.044000 0.026316
59 0.116000 0.593985 0.052000 0.067669
41 0.730000 0.648496 0.020000 0.124060
41 0.427000 0.554511 0.058000 0.056391
2 0.844000 0.321429 0.316000 0.642857
137 0.534000 0.586466 0.304000 0.330827
137 0.190000 0.567669 0.216000 0.421053