5 0.128000 0.528000 0.256000 0.580000
5 0.430667 0.472000 0.514667 0.876000
20 0.561333 0.848000 0.296000 0.212000
20 0.836000 0.848000 0.322667 0.296000
20 0.146667 0.817000 0.293333 0.174000
97 0.589333 0.330000 0.058667 0.120000
97 0.398667 0.326000 0.162667 0.124000
99 0.548000 0.474000 0.040000 0.548000
36 0.398667 0.327000 0.104000 0.082000
32 0.029333 0.816000 0.021333 0.008000
142 0.404000 0.310000 0.024000 0.040000
55 0.498667 0.948000 0.997333 0.104000
60 0.500000 0.897000 1.000000 0.190000
59 0.813333 0.826000 0.240000 0.052000
35 0.918667 0.948000 0.050667 0.100000