128 0.031627 0.377000 0.063253 0.042000
68 0.784639 0.527000 0.039157 0.034000
95 0.153614 0.886000 0.048193 0.044000
105 0.158133 0.359000 0.027108 0.022000
20 0.031627 0.380000 0.063253 0.044000
37 0.180723 0.152000 0.102410 0.088000
26 0.844880 0.541000 0.304217 0.146000
11 0.841867 0.766000 0.310241 0.320000
11 0.835843 0.453000 0.280120 0.054000
7 0.495482 0.747000 0.990964 0.506000
13 0.237952 0.193000 0.018072 0.326000
13 0.828313 0.756000 0.036145 0.424000
13 0.075301 0.242000 0.042169 0.480000
55 0.096386 0.409000 0.192771 0.082000
49 0.370482 0.814000 0.734940 0.364000
9 0.477410 0.574000 0.340361 0.320000
8 0.498494 0.166000 0.996988 0.332000
60 0.094880 0.561000 0.189759 0.162000