144 0.361000 0.432971 0.066000 0.061594
31 0.499000 0.500000 0.998000 1.000000
57 0.103000 0.663043 0.038000 0.028986
39 0.449000 0.126812 0.034000 0.072464
39 0.836000 0.612319 0.080000 0.123188
61 0.166000 0.172101 0.100000 0.054348
61 0.278000 0.679348 0.208000 0.112319
1 0.770000 0.898551 0.028000 0.086957
1 0.285000 0.847826 0.018000 0.057971
24 0.480000 0.804348 0.864000 0.166667
24 0.333000 0.393116 0.478000 0.090580
9 0.711000 0.300725 0.038000 0.028986
125 0.315000 0.480072 0.122000 0.090580