128 0.346000 0.260274 0.320000 0.147945
95 0.698000 0.383562 0.600000 0.608219
5 0.503000 0.372603 0.994000 0.745205
21 0.192000 0.391781 0.260000 0.624658
19 0.476000 0.353425 0.116000 0.224658
99 0.038000 0.268493 0.020000 0.164384
110 0.398000 0.500000 0.540000 0.616438
25 0.577000 0.372603 0.042000 0.054795
11 0.479000 0.212329 0.242000 0.063014
7 0.502000 0.854795 0.984000 0.279452
75 0.124000 0.239726 0.140000 0.156164
69 0.588000 0.635616 0.140000 0.284932
55 0.564000 0.843836 0.860000 0.273973
84 0.612000 0.583562 0.120000 0.427397
3 0.678000 0.345205 0.632000 0.690411
3 0.693000 0.354795 0.610000 0.709589