58 0.040000 0.091633 0.052000 0.039841
58 0.131000 0.081673 0.070000 0.107570
58 0.231000 0.127490 0.070000 0.111554
58 0.320000 0.165339 0.032000 0.035857
58 0.402000 0.061753 0.060000 0.083665
58 0.164000 0.432271 0.092000 0.059761
37 0.576000 0.143426 0.052000 0.055777
21 0.607000 0.505976 0.038000 0.183267
102 0.085000 0.358566 0.058000 0.382470
12 0.066000 0.189243 0.012000 0.027888
12 0.100000 0.193227 0.012000 0.027888
13 0.679000 0.318725 0.010000 0.047809
13 0.804000 0.266932 0.012000 0.151394
13 0.309000 0.488048 0.006000 0.091633
55 0.500000 0.832669 1.000000 0.334661
8 0.500000 0.258964 1.000000 0.517928
94 0.636000 0.515936 0.728000 0.362550
125 0.141000 0.591633 0.254000 0.195219
43 0.941000 0.517928 0.090000 0.087649
43 0.836000 0.515936 0.088000 0.083665