7 0.841000 0.846667 0.138000 0.226667
45 0.389000 0.368000 0.058000 0.037333
42 0.519000 0.548000 0.098000 0.248000
42 0.715000 0.570667 0.170000 0.389333
42 0.411000 0.528000 0.158000 0.272000
1 0.737000 0.617333 0.214000 0.760000
1 0.402000 0.660000 0.192000 0.642667
1 0.533000 0.606667 0.126000 0.466667
1 0.417000 0.654667 0.246000 0.610667
1 0.717000 0.616000 0.246000 0.746667
1 0.726000 0.621333 0.252000 0.746667
29 0.727000 0.857333 0.114000 0.264000
6 0.411000 0.644000 0.226000 0.584000
72 0.497000 0.162667 0.994000 0.304000