37 0.623000 0.174667 0.218000 0.098667
142 0.673000 0.532000 0.002000 0.002667
85 0.967000 0.290667 0.030000 0.021333
108 0.465000 0.212000 0.366000 0.424000
27 0.676000 0.529333 0.040000 0.077333
13 0.759000 0.580000 0.010000 0.077333
13 0.944000 0.425333 0.008000 0.248000
24 0.818000 0.685333 0.244000 0.122667
49 0.627000 0.757333 0.746000 0.485333
8 0.507000 0.149333 0.986000 0.298667
94 0.338000 0.508000 0.676000 0.888000
0 0.274000 0.430667 0.092000 0.189333
43 0.089000 0.413333 0.170000 0.250667
23 0.685000 0.529333 0.022000 0.077333