88 0.666000 0.869333 0.184000 0.261333
88 0.313000 0.849333 0.626000 0.290667
121 0.851000 0.541333 0.022000 0.048000
121 0.593000 0.428000 0.022000 0.018667
77 0.403000 0.764000 0.802000 0.472000
77 0.349000 0.389333 0.266000 0.048000
95 0.900000 0.962667 0.060000 0.026667
95 0.934000 0.850667 0.052000 0.026667
33 0.531000 0.836000 0.126000 0.232000
33 0.600000 0.781333 0.088000 0.197333
58 0.837000 0.152000 0.042000 0.042667
58 0.034000 0.109333 0.036000 0.048000
58 0.657000 0.173333 0.050000 0.048000
58 0.322000 0.041333 0.068000 0.082667
39 0.138000 0.249333 0.004000 0.002667
39 0.161000 0.102667 0.002000 0.002667
39 0.154000 0.174667 0.004000 0.002667
39 0.176000 0.186667 0.004000 0.005333
39 0.144000 0.062667 0.004000 0.002667
39 0.151000 0.132000 0.006000 0.008000
27 0.462000 0.372000 0.008000 0.029333
24 0.304000 0.596000 0.548000 0.376000
8 0.501000 0.173333 0.998000 0.346667
2 0.112000 0.217333 0.208000 0.354667
28 0.498000 0.668000 0.996000 0.610667
0 0.350000 0.381333 0.012000 0.016000
0 0.377000 0.381333 0.014000 0.016000