5 0.499000 0.547500 0.306000 0.515000
20 0.415000 0.730000 0.138000 0.110000
136 0.833000 0.242500 0.302000 0.375000
80 0.733000 0.622500 0.098000 0.365000
57 0.906000 0.170000 0.108000 0.190000
7 0.500000 0.775000 0.308000 0.050000
12 0.921000 0.137500 0.110000 0.045000
69 0.137000 0.177500 0.070000 0.115000
55 0.165000 0.662500 0.302000 0.275000
90 0.727000 0.622500 0.082000 0.365000
9 0.768000 0.375000 0.064000 0.070000
9 0.420000 0.427500 0.136000 0.165000
9 0.974000 0.327500 0.032000 0.075000
8 0.162000 0.220000 0.304000 0.340000
8 0.502000 0.232500 0.312000 0.385000
43 0.516000 0.655000 0.068000 0.100000