68 0.474000 0.817333 0.020000 0.040000
88 0.077000 0.816000 0.094000 0.058667
7 0.499000 0.917333 0.998000 0.160000
42 0.406000 0.778667 0.032000 0.053333
113 0.531000 0.089333 0.078000 0.056000
102 0.082000 0.637333 0.160000 0.373333
102 0.662000 0.758667 0.040000 0.136000
12 0.827000 0.513333 0.058000 0.056000
1 0.405000 0.784000 0.034000 0.106667
27 0.465000 0.782667 0.050000 0.104000
71 0.504000 0.505333 0.992000 0.989333
8 0.499000 0.418667 0.994000 0.826667
72 0.500000 0.417333 1.000000 0.834667
72 0.499000 0.917333 0.998000 0.160000
2 0.929000 0.738667 0.094000 0.176000
2 0.173000 0.610667 0.234000 0.458667
2 0.763000 0.620000 0.194000 0.413333