37 0.662000 0.113333 0.588000 0.136000
26 0.500000 0.712000 1.000000 0.181333
56 0.500000 0.501333 1.000000 0.997333
11 0.500000 0.838667 1.000000 0.322667
51 0.544000 0.425333 0.088000 0.024000
8 0.500000 0.136000 1.000000 0.272000
2 0.632000 0.406667 0.476000 0.648000
2 0.139000 0.397333 0.278000 0.794667
2 0.211000 0.468000 0.230000 0.616000
2 0.932000 0.144000 0.136000 0.288000
2 0.652000 0.153333 0.432000 0.306667
17 0.885000 0.400000 0.226000 0.394667
17 0.373000 0.212000 0.138000 0.168000
17 0.547000 0.422667 0.278000 0.616000