110 0.297333 0.464000 0.056000 0.076000
110 0.509333 0.446000 0.208000 0.140000
110 0.618667 0.430000 0.101333 0.088000
24 0.504000 0.799000 0.944000 0.206000
8 0.505333 0.212000 0.984000 0.412000
41 0.428000 0.450000 0.013333 0.048000
2 0.857333 0.377000 0.285333 0.422000
2 0.073333 0.194000 0.146667 0.152000
2 0.800000 0.207000 0.336000 0.258000
2 0.288000 0.258000 0.208000 0.108000
2 0.177333 0.430000 0.269333 0.224000
84 0.585333 0.435000 0.018667 0.066000
84 0.656000 0.440000 0.021333 0.048000