113 0.472000 0.258993 0.028000 0.050360
113 0.437000 0.462230 0.010000 0.032374
113 0.537000 0.199640 0.026000 0.039568
113 0.502000 0.437050 0.016000 0.046763
113 0.939000 0.275180 0.018000 0.053957
113 0.083000 0.500000 0.062000 0.165468
113 0.755000 0.158273 0.022000 0.043165
113 0.726000 0.084532 0.020000 0.046763
113 0.372000 0.401079 0.012000 0.039568
113 0.380000 0.329137 0.020000 0.039568
1 0.790000 0.579137 0.044000 0.187050
27 0.525000 0.528777 0.014000 0.043165
27 0.391000 0.544964 0.010000 0.053957
27 0.718000 0.539568 0.024000 0.086331
6 0.401000 0.543165 0.014000 0.057554
6 0.690000 0.537770 0.028000 0.089928
6 0.822000 0.580935 0.044000 0.176259
6 0.415000 0.543165 0.014000 0.050360
148 0.499000 0.733813 0.998000 0.532374
4 0.823000 0.552158 0.022000 0.068345
66 0.824000 0.588129 0.020000 0.010791
66 0.788000 0.598921 0.028000 0.061151
8 0.499000 0.208633 0.998000 0.417266
28 0.500000 0.571942 1.000000 0.201439