128 0.412000 0.784639 0.128000 0.430723
36 0.538000 0.427711 0.072000 0.277108
31 0.090000 0.932229 0.180000 0.129518
96 0.022000 0.748494 0.020000 0.009036
138 0.723000 0.762048 0.094000 0.138554
16 0.022000 0.784639 0.016000 0.033133
32 0.742000 0.769578 0.220000 0.183735
142 0.790000 0.814759 0.116000 0.165663
10 0.676000 0.447289 0.052000 0.081325
10 0.460000 0.393072 0.228000 0.346386
1 0.853000 0.656627 0.146000 0.686747
1 0.716000 0.512048 0.080000 0.222892
1 0.062000 0.795181 0.124000 0.216867
4 0.089000 0.759036 0.070000 0.054217
4 0.852000 0.641566 0.144000 0.379518
4 0.514000 0.783133 0.344000 0.433735
3 0.507000 0.441265 0.986000 0.858434
23 0.026000 0.799699 0.052000 0.159639
23 0.598000 0.606928 0.500000 0.780120
104 0.340000 0.469880 0.168000 0.114458