5 0.293000 0.373333 0.062000 0.048000
126 0.173000 0.408000 0.346000 0.037333
126 0.509000 0.381333 0.174000 0.058667
126 0.888000 0.440000 0.180000 0.112000
56 0.500000 0.662667 1.000000 0.674667
11 0.500000 0.701333 1.000000 0.597333
7 0.500000 0.661333 1.000000 0.677333
13 0.531000 0.304000 0.006000 0.032000
62 0.580000 0.454667 0.012000 0.045333
51 0.727000 0.361333 0.138000 0.008000
8 0.500000 0.165333 1.000000 0.330667
0 0.950000 0.385333 0.008000 0.013333
0 0.935000 0.385333 0.006000 0.013333
0 0.907000 0.385333 0.010000 0.013333
0 0.879000 0.386667 0.010000 0.010667