136 0.462667 0.579000 0.285333 0.046000
97 0.518667 0.324000 0.488000 0.168000
139 0.554667 0.956000 0.032000 0.028000
21 0.612000 0.754000 0.493333 0.332000
31 0.516000 0.896000 0.701333 0.204000
122 0.516000 0.546000 0.776000 0.092000
15 0.525333 0.318000 0.042667 0.024000
15 0.502667 0.304000 0.024000 0.060000
12 0.289333 0.583000 0.040000 0.010000
12 0.333333 0.608000 0.032000 0.008000
12 0.694667 0.581000 0.040000 0.010000
12 0.654667 0.606000 0.034667 0.008000
9 0.258667 0.737000 0.090667 0.122000
3 0.500000 0.576000 1.000000 0.840000