106 0.428000 0.506006 0.244000 0.393393
19 0.438000 0.342342 0.040000 0.066066
25 0.487000 0.363363 0.022000 0.018018
7 0.655000 0.645646 0.094000 0.108108
32 0.608000 0.827327 0.096000 0.069069
10 0.483000 0.393393 0.134000 0.174174
70 0.503000 0.445946 0.074000 0.069069
30 0.541000 0.405405 0.018000 0.024024
13 0.745000 0.354354 0.046000 0.312312
98 0.343000 0.836336 0.682000 0.315315
98 0.510000 0.899399 0.268000 0.165165
98 0.836000 0.636637 0.312000 0.138138
9 0.745000 0.108108 0.226000 0.216216
9 0.754000 0.309309 0.128000 0.216216
17 0.402000 0.234234 0.588000 0.468468
125 0.499000 0.587087 0.998000 0.825826
0 0.424000 0.484985 0.352000 0.483483
0 0.129000 0.540541 0.258000 0.606607