77 0.500000 0.500000 1.000000 1.000000
101 0.428000 0.482850 0.040000 0.068602
58 0.401000 0.143799 0.138000 0.118734
26 0.202000 0.403694 0.404000 0.659631
138 0.745000 0.447230 0.018000 0.023747
15 0.745000 0.445910 0.018000 0.021108
42 0.831000 0.645119 0.146000 0.208443
42 0.427000 0.585752 0.086000 0.189974
1 0.830000 0.689974 0.144000 0.398417
29 0.688000 0.651715 0.064000 0.116095
29 0.816000 0.810026 0.104000 0.158311
6 0.428000 0.633245 0.088000 0.369393
13 0.189000 0.408971 0.154000 0.817942
8 0.500000 0.178100 1.000000 0.356201
28 0.954000 0.564644 0.056000 0.068602