36 0.864458 0.242000 0.066265 0.052000
36 0.320783 0.321000 0.063253 0.074000
36 0.981928 0.233000 0.036145 0.054000
56 0.500000 0.638000 0.993976 0.716000
64 0.614458 0.853000 0.096386 0.034000
16 0.254518 0.322000 0.051205 0.044000
45 0.289157 0.280000 0.150602 0.068000
1 0.346386 0.559000 0.626506 0.618000
1 0.944277 0.428000 0.111446 0.492000
1 0.856928 0.427000 0.225904 0.470000
1 0.838855 0.426000 0.201807 0.464000
1 0.346386 0.563000 0.638554 0.626000
70 0.868976 0.251000 0.015060 0.010000
30 0.993976 0.227000 0.006024 0.014000
30 0.864458 0.234000 0.012048 0.016000
30 0.335843 0.315000 0.033133 0.026000
4 0.313253 0.438000 0.379518 0.232000
59 0.271084 0.276000 0.102410 0.036000
17 0.268072 0.145000 0.126506 0.282000