11 0.628000 0.599688 0.048000 0.052960
102 0.652000 0.194704 0.104000 0.021807
12 0.516000 0.570093 0.032000 0.018692
1 0.693000 0.534268 0.018000 0.090343
75 0.532000 0.411215 0.020000 0.012461
65 0.482000 0.537383 0.132000 0.077882
27 0.332000 0.514019 0.012000 0.037383
13 0.655000 0.403427 0.010000 0.414330
62 0.603000 0.431464 0.018000 0.308411
51 0.506000 0.225857 0.428000 0.308411
4 0.691000 0.515576 0.018000 0.034268
9 0.911000 0.442368 0.062000 0.099688
81 0.468000 0.425234 0.124000 0.046729
94 0.461000 0.531153 0.166000 0.264798
3 0.102000 0.534268 0.108000 0.109034
0 0.515000 0.401869 0.114000 0.099688