38 0.757000 0.434328 0.086000 0.253731
19 0.535000 0.219403 0.102000 0.200000
110 0.299000 0.500000 0.570000 0.928358
26 0.499000 0.356716 0.998000 0.707463
45 0.624000 0.202985 0.100000 0.095522
10 0.633000 0.229851 0.102000 0.149254
14 0.225000 0.746269 0.150000 0.435821
14 0.430000 0.649254 0.104000 0.367164
1 0.657000 0.458209 0.290000 0.600000
29 0.625000 0.650746 0.222000 0.208955
148 0.498000 0.765672 0.992000 0.450746
4 0.679000 0.437313 0.178000 0.319403
41 0.091000 0.488060 0.154000 0.444776
84 0.515000 0.495522 0.086000 0.298507