128 0.059000 0.308000 0.102000 0.205333
105 0.482000 0.590667 0.540000 0.706667
105 0.771000 0.382667 0.454000 0.338667
26 0.122000 0.382667 0.244000 0.120000
11 0.071000 0.926667 0.142000 0.141333
85 0.366000 0.773333 0.040000 0.037333
40 0.929000 0.862667 0.134000 0.040000
65 0.564000 0.341333 0.020000 0.048000
13 0.056000 0.546667 0.020000 0.677333
13 0.552000 0.112000 0.016000 0.224000
13 0.841000 0.420000 0.026000 0.621333
55 0.496000 0.741333 0.992000 0.512000
9 0.061000 0.381333 0.106000 0.074667
9 0.058000 0.276000 0.104000 0.146667
35 0.369000 0.549333 0.066000 0.021333