67 0.255000 0.511976 0.226000 0.814371
67 0.260000 0.525449 0.200000 0.829341
67 0.551000 0.529940 0.150000 0.778443
67 0.550000 0.523952 0.164000 0.778443
67 0.271000 0.531437 0.186000 0.817365
67 0.541000 0.526946 0.162000 0.778443
67 0.258000 0.224551 0.132000 0.245509
67 0.252000 0.522455 0.160000 0.799401
101 0.257000 0.160180 0.106000 0.080838
26 0.499000 0.324850 0.998000 0.589820
56 0.499000 0.797904 0.998000 0.374251
31 0.481000 0.598802 0.246000 0.137725
96 0.267000 0.200599 0.062000 0.047904
138 0.598000 0.585329 0.080000 0.110778
11 0.744000 0.884731 0.176000 0.122754
11 0.498000 0.791916 0.992000 0.380240
11 0.515000 0.751497 0.898000 0.359281
7 0.780000 0.514970 0.088000 0.137725
45 0.258000 0.157186 0.092000 0.086826
45 0.553000 0.182635 0.110000 0.095808
29 0.251000 0.637725 0.146000 0.329341
4 0.543000 0.387725 0.122000 0.206587