95 0.083000 0.214715 0.058000 0.027027
5 0.499000 0.512012 0.994000 0.831832
21 0.898000 0.623123 0.096000 0.513514
26 0.129000 0.496997 0.254000 0.927928
122 0.540000 0.584084 0.360000 0.513514
11 0.764000 0.900901 0.044000 0.054054
22 0.419000 0.084084 0.110000 0.102102
62 0.019000 0.503003 0.034000 0.939940
49 0.659000 0.956456 0.678000 0.087087
2 0.101000 0.064565 0.142000 0.129129
2 0.281000 0.049550 0.130000 0.093093
3 0.281000 0.549550 0.058000 0.762763
43 0.657000 0.495495 0.114000 0.312312
104 0.427000 0.465465 0.138000 0.282282