5 0.500000 0.268000 1.000000 0.536000
26 0.575075 0.506000 0.837838 0.040000
44 0.723724 0.971000 0.018018 0.010000
44 0.043544 0.891000 0.015015 0.010000
44 0.680180 0.932000 0.021021 0.012000
44 0.765766 0.968000 0.018018 0.012000
44 0.821321 0.980000 0.021021 0.028000
79 0.701201 0.904000 0.015015 0.012000
79 0.738739 0.966000 0.012012 0.008000
11 0.498498 0.758000 0.996997 0.484000
24 0.063063 0.773000 0.126126 0.318000
24 0.648649 0.556000 0.696697 0.080000
43 0.375375 0.506000 0.030030 0.040000
43 0.572072 0.504000 0.027027 0.044000
43 0.891892 0.486000 0.060060 0.060000