74 0.093093 0.936000 0.186186 0.120000
74 0.897898 0.947000 0.192192 0.094000
74 0.540541 0.931000 0.186186 0.058000
25 0.572072 0.477000 0.069069 0.050000
25 0.698198 0.470000 0.057057 0.048000
56 0.500000 0.154000 1.000000 0.308000
56 0.504505 0.590000 0.990991 0.468000
44 0.414414 0.649000 0.018018 0.018000
44 0.809309 0.729000 0.033033 0.014000
44 0.096096 0.539000 0.012012 0.010000
44 0.674174 0.276000 0.015015 0.012000
44 0.120120 0.394000 0.018018 0.012000
79 0.364865 0.579000 0.015015 0.014000
11 0.503003 0.123000 0.993994 0.242000
11 0.144144 0.601000 0.192192 0.454000
11 0.929429 0.680000 0.135135 0.204000
11 0.078078 0.155000 0.066066 0.070000
11 0.899399 0.162000 0.099099 0.184000
7 0.496997 0.914000 0.987988 0.168000
7 0.193694 0.121000 0.381381 0.238000
7 0.761261 0.227000 0.039039 0.038000
119 0.563063 0.686000 0.123123 0.136000
104 0.561562 0.672000 0.138138 0.164000