19 0.499000 0.346667 0.042000 0.058667
19 0.568000 0.382667 0.044000 0.093333
25 0.542000 0.496000 0.024000 0.026667
36 0.493000 0.564000 0.134000 0.296000
36 0.497000 0.569333 0.150000 0.301333
56 0.497000 0.497333 0.994000 0.994667
11 0.180000 0.821333 0.352000 0.341333
11 0.481000 0.925333 0.182000 0.096000
11 0.856000 0.298667 0.244000 0.133333
10 0.505000 0.526667 0.170000 0.386667
114 0.624000 0.608000 0.484000 0.592000
22 0.129000 0.241333 0.122000 0.072000
30 0.451000 0.653333 0.066000 0.053333
30 0.452000 0.653333 0.064000 0.053333
63 0.296000 0.965333 0.124000 0.048000
24 0.684000 0.920000 0.600000 0.154667
46 0.469000 0.548000 0.098000 0.274667
46 0.787000 0.418667 0.182000 0.261333