5 0.341333 0.653000 0.352000 0.694000
7 0.714667 0.289000 0.021333 0.042000
32 0.674667 0.613000 0.042667 0.054000
61 0.813333 0.327000 0.032000 0.026000
71 0.500000 0.501000 1.000000 1.002000
8 0.858667 0.507000 0.240000 0.230000
52 0.154667 0.042000 0.309333 0.084000
52 0.744000 0.047000 0.464000 0.094000
52 0.210667 0.262000 0.421333 0.336000
52 0.706667 0.249000 0.517333 0.338000
52 0.972000 0.278000 0.056000 0.180000
52 0.256000 0.574000 0.362667 0.224000
52 0.652000 0.522000 0.376000 0.236000
52 0.954667 0.502000 0.096000 0.200000
52 0.046667 0.713000 0.093333 0.126000
52 0.277333 0.731000 0.298667 0.182000
52 0.596000 0.684000 0.306667 0.188000
52 0.872000 0.705000 0.250667 0.194000
52 0.080000 0.802000 0.160000 0.112000
52 0.288000 0.796000 0.240000 0.132000
52 0.549333 0.813000 0.261333 0.154000
52 0.837333 0.823000 0.282667 0.162000
52 0.154667 0.949000 0.202667 0.102000
52 0.365333 0.940000 0.192000 0.116000
52 0.577333 0.949000 0.205333 0.102000
52 0.773333 0.951000 0.202667 0.098000
52 0.044000 0.970000 0.088000 0.060000
52 0.181333 0.977000 0.170667 0.046000
52 0.373333 0.969000 0.181333 0.058000
52 0.562667 0.973000 0.170667 0.046000
0 0.444000 0.630000 0.018667 0.028000