26 0.499000 0.591867 0.998000 0.262048
7 0.500000 0.784639 1.000000 0.430723
13 0.960000 0.361446 0.012000 0.096386
13 0.633000 0.371988 0.018000 0.358434
62 0.422000 0.578313 0.012000 0.234940
62 0.134000 0.564759 0.008000 0.147590
62 0.219000 0.569277 0.010000 0.180723
62 0.271000 0.563253 0.010000 0.204819
62 0.598000 0.599398 0.008000 0.234940
55 0.500000 0.801205 1.000000 0.397590
9 0.522000 0.421687 0.076000 0.036145
8 0.500000 0.269578 1.000000 0.539157
60 0.500000 0.500000 1.000000 1.000000
81 0.321000 0.251506 0.094000 0.069277