74 0.867000 0.366667 0.250000 0.152000
74 0.746000 0.394667 0.040000 0.096000
74 0.110000 0.698667 0.084000 0.106667
26 0.468000 0.284000 0.932000 0.050667
7 0.500000 0.637333 0.992000 0.682667
7 0.827000 0.330667 0.334000 0.197333
7 0.925000 0.360000 0.066000 0.106667
70 0.587000 0.654667 0.030000 0.066667
27 0.177000 0.278667 0.042000 0.056000
6 0.183000 0.282667 0.022000 0.058667
6 0.170000 0.281333 0.020000 0.050667
62 0.830000 0.866667 0.024000 0.256000
63 0.930000 0.317333 0.080000 0.048000
63 0.856000 0.637333 0.088000 0.101333
63 0.684000 0.537333 0.132000 0.104000
63 0.947000 0.625333 0.098000 0.056000
63 0.920000 0.524000 0.156000 0.141333
63 0.803000 0.544000 0.090000 0.069333
131 0.754000 0.917333 0.484000 0.160000
41 0.168000 0.506667 0.052000 0.330667
2 0.564000 0.174667 0.036000 0.349333
17 0.430000 0.189333 0.696000 0.330667
84 0.613000 0.638667 0.098000 0.173333
84 0.569000 0.160000 0.070000 0.282667
28 0.742000 0.761333 0.104000 0.162667
28 0.578000 0.762667 0.076000 0.058667