5 0.095000 0.105105 0.098000 0.072072
56 0.499000 0.738739 0.990000 0.516517
122 0.846000 0.503003 0.100000 0.117117
11 0.498000 0.726727 0.996000 0.510511
7 0.499000 0.735736 0.994000 0.516517
1 0.230000 0.474474 0.016000 0.048048
1 0.430000 0.569069 0.036000 0.195195
1 0.716000 0.534535 0.040000 0.144144
13 0.799000 0.504505 0.006000 0.114114
62 0.066000 0.486486 0.008000 0.084084
4 0.428000 0.542042 0.032000 0.087087
4 0.477000 0.582583 0.054000 0.066066
4 0.467000 0.540541 0.058000 0.072072
48 0.384000 0.659159 0.016000 0.039039
9 0.069000 0.429429 0.014000 0.030030