38 0.681682 0.096000 0.306306 0.116000
5 0.761261 0.720000 0.105105 0.288000
5 0.735736 0.684000 0.150150 0.268000
5 0.385886 0.584000 0.339339 0.256000
97 0.466967 0.508000 0.039039 0.032000
58 0.406907 0.112000 0.813814 0.224000
44 0.570571 0.597000 0.006006 0.006000
44 0.576577 0.613000 0.006006 0.006000
11 0.402402 0.737000 0.312312 0.042000
12 0.584084 0.161000 0.069069 0.050000
131 0.593093 0.911000 0.171171 0.090000
8 0.420420 0.117000 0.840841 0.218000
3 0.695195 0.605000 0.237237 0.354000
3 0.735736 0.680000 0.150150 0.272000
3 0.761261 0.716000 0.111111 0.280000