38 0.531532 0.418000 0.198198 0.152000
38 0.322823 0.428000 0.099099 0.176000
64 0.806306 0.981000 0.147147 0.038000
91 0.075075 0.644000 0.150150 0.608000
7 0.936937 0.971000 0.066066 0.062000
14 0.578078 0.798000 0.195195 0.384000
14 0.632132 0.778000 0.339339 0.420000
61 0.635135 0.594000 0.033033 0.008000
61 0.839339 0.776000 0.261261 0.144000
27 0.740240 0.108000 0.519520 0.216000
4 0.070571 0.526000 0.141141 0.188000
4 0.540541 0.424000 0.336336 0.300000
48 0.806306 0.983000 0.147147 0.034000