19 0.647000 0.456456 0.022000 0.078078
26 0.500000 0.500000 1.000000 0.411411
26 0.394000 0.072072 0.788000 0.126126
11 0.500000 0.774775 1.000000 0.450450
10 0.632000 0.543544 0.072000 0.246246
82 0.520000 0.539039 0.072000 0.321321
82 0.308000 0.561562 0.068000 0.264264
82 0.252000 0.557057 0.132000 0.321321
1 0.440000 0.040541 0.016000 0.033033
13 0.749000 0.324324 0.038000 0.642643
13 0.070000 0.429429 0.024000 0.678679
41 0.222000 0.396396 0.024000 0.186186
137 0.433000 0.466967 0.490000 0.507508