5 0.294000 0.479933 0.160000 0.096990
20 0.710000 0.540134 0.048000 0.056856
20 0.094000 0.525084 0.084000 0.046823
20 0.787000 0.536789 0.038000 0.050167
20 0.618000 0.538462 0.068000 0.080268
20 0.854000 0.538462 0.032000 0.093645
20 0.526000 0.560201 0.080000 0.090301
20 0.918000 0.612040 0.160000 0.240803
12 0.599000 0.545151 0.010000 0.020067
85 0.709000 0.520067 0.018000 0.016722
85 0.823000 0.428094 0.010000 0.013378
85 0.865000 0.598662 0.026000 0.026756
85 0.946000 0.384615 0.016000 0.020067
108 0.656000 0.765886 0.340000 0.381271
13 0.382000 0.411371 0.016000 0.193980
13 0.448000 0.419732 0.012000 0.210702
13 0.511000 0.483278 0.094000 0.183946
13 0.615000 0.483278 0.138000 0.157191
62 0.666000 0.463211 0.012000 0.143813
9 0.417000 0.392977 0.062000 0.056856
9 0.534000 0.428094 0.028000 0.066890
8 0.499000 0.252508 0.998000 0.505017
17 0.136000 0.376254 0.272000 0.250836
17 0.504000 0.409699 0.448000 0.244147