38 0.588000 0.454955 0.096000 0.111111
38 0.484000 0.363363 0.076000 0.144144
25 0.519000 0.165165 0.018000 0.036036
36 0.529000 0.166667 0.074000 0.165165
64 0.848000 0.896396 0.156000 0.147147
7 0.500000 0.740240 1.000000 0.519520
16 0.488000 0.172673 0.236000 0.261261
14 0.709000 0.612613 0.250000 0.384384
14 0.495000 0.714715 0.230000 0.234234
30 0.535000 0.349850 0.034000 0.045045
98 0.257000 0.337838 0.274000 0.591592
0 0.146000 0.352853 0.292000 0.705706
23 0.615000 0.509009 0.610000 0.933934