19 0.894802 0.490000 0.047030 0.036000
19 0.826733 0.416000 0.034653 0.052000
19 0.926980 0.563000 0.047030 0.030000
19 0.789604 0.334000 0.054455 0.044000
11 0.914604 0.708000 0.165842 0.092000
7 0.498762 0.499000 0.997525 0.998000
10 0.866337 0.582000 0.163366 0.208000
10 0.855198 0.421000 0.185644 0.218000
22 0.924505 0.022000 0.032178 0.044000
22 0.983911 0.022000 0.032178 0.044000
22 0.024752 0.803000 0.029703 0.042000
22 0.228960 0.844000 0.091584 0.044000
2 0.278465 0.428000 0.556931 0.856000
2 0.360149 0.153000 0.433168 0.294000