128 0.503000 0.341867 0.150000 0.165663
74 0.499000 0.789157 0.998000 0.343373
110 0.802000 0.593373 0.164000 0.343373
110 0.417000 0.620482 0.406000 0.566265
110 0.905000 0.578313 0.070000 0.259036
110 0.912000 0.584337 0.048000 0.246988
110 0.415000 0.655120 0.374000 0.575301
25 0.310000 0.496988 0.024000 0.036145
64 0.315000 0.884036 0.070000 0.069277
7 0.499000 0.808735 0.998000 0.376506
45 0.373000 0.221386 0.038000 0.033133
22 0.595000 0.109940 0.050000 0.093373
22 0.759000 0.200301 0.070000 0.153614
14 0.335000 0.756024 0.110000 0.325301
1 0.791000 0.378012 0.054000 0.117470
1 0.372000 0.310241 0.112000 0.204819
1 0.864000 0.421687 0.056000 0.126506
4 0.789000 0.384036 0.050000 0.069277
17 0.232000 0.180723 0.464000 0.361446
17 0.716000 0.262048 0.376000 0.524096
17 0.112000 0.564759 0.224000 0.448795
84 0.768000 0.612952 0.056000 0.292169
84 0.262000 0.694277 0.072000 0.490964