91 0.614000 0.716216 0.164000 0.483483
142 0.546000 0.705706 0.024000 0.042042
142 0.372000 0.313814 0.012000 0.015015
14 0.663000 0.839339 0.062000 0.177177
14 0.613000 0.839339 0.066000 0.177177
40 0.631000 0.650150 0.554000 0.117117
1 0.335000 0.319820 0.074000 0.165165
27 0.335000 0.319820 0.074000 0.165165
6 0.404000 0.318318 0.076000 0.156156
6 0.616000 0.714715 0.164000 0.480480
4 0.417000 0.307808 0.046000 0.075075
4 0.632000 0.626126 0.076000 0.177177
4 0.337000 0.300300 0.066000 0.066066
28 0.495000 0.504505 0.958000 0.948949