67 0.219000 0.684615 0.150000 0.624615
26 0.499000 0.627692 0.998000 0.670769
91 0.499000 0.607692 0.410000 0.778462
103 0.204000 0.801538 0.084000 0.316923
29 0.450000 0.850769 0.312000 0.298462
13 0.021000 0.443077 0.042000 0.886154
4 0.215000 0.576923 0.118000 0.230769
4 0.529000 0.589231 0.310000 0.409231
2 0.274000 0.320000 0.196000 0.295385
2 0.370000 0.403077 0.200000 0.116923
2 0.849000 0.253846 0.294000 0.323077
2 0.101000 0.409231 0.166000 0.086154
2 0.676000 0.363077 0.084000 0.123077