126 0.223000 0.437333 0.082000 0.069333
20 0.908000 0.361333 0.180000 0.173333
56 0.500000 0.722667 1.000000 0.554667
16 0.287000 0.264000 0.034000 0.074667
45 0.418000 0.241333 0.048000 0.040000
103 0.428000 0.504000 0.100000 0.186667
1 0.426000 0.412000 0.112000 0.381333
55 0.502000 0.434667 0.952000 0.053333
66 0.296000 0.438667 0.064000 0.040000
81 0.299000 0.360000 0.074000 0.149333
17 0.593000 0.284000 0.110000 0.221333
3 0.125000 0.364000 0.238000 0.077333
23 0.298000 0.418667 0.080000 0.378667