38 0.663000 0.389333 0.102000 0.096000
147 0.641000 0.345333 0.014000 0.013333
31 0.206000 0.673333 0.412000 0.653333
122 0.244000 0.913333 0.412000 0.173333
7 0.205000 0.672000 0.410000 0.656000
16 0.630000 0.317333 0.088000 0.080000
10 0.629000 0.338667 0.086000 0.117333
93 0.885000 0.421333 0.226000 0.213333
93 0.497000 0.337333 0.326000 0.146667
4 0.551000 0.398667 0.118000 0.232000
66 0.595000 0.521333 0.202000 0.232000
3 0.497000 0.189333 0.994000 0.378667
23 0.728000 0.534667 0.472000 0.514667