33 0.148000 0.202667 0.296000 0.394667
99 0.255000 0.204000 0.510000 0.408000
44 0.547000 0.346667 0.206000 0.250667
44 0.176000 0.298667 0.192000 0.272000
44 0.192000 0.694667 0.132000 0.152000
79 0.693000 0.306667 0.154000 0.176000
79 0.843000 0.598667 0.146000 0.194667
79 0.774000 0.778667 0.188000 0.202667
79 0.692000 0.158667 0.148000 0.178667
79 0.850000 0.452000 0.120000 0.178667
80 0.234000 0.413333 0.264000 0.314667
22 0.452000 0.889333 0.144000 0.221333
34 0.822000 0.032000 0.252000 0.053333
34 0.252000 0.404000 0.424000 0.418667
18 0.500000 0.500000 1.000000 1.000000
28 0.433000 0.936000 0.226000 0.128000