38 0.681000 0.259760 0.138000 0.093093
130 0.328000 0.361862 0.196000 0.387387
130 0.646000 0.372372 0.208000 0.306306
45 0.337000 0.133634 0.062000 0.063063
92 0.484000 0.136637 0.072000 0.069069
92 0.625000 0.142643 0.074000 0.069069
1 0.648000 0.515015 0.204000 0.819820
1 0.475000 0.516517 0.194000 0.828829
1 0.325000 0.527027 0.194000 0.855856
29 0.645000 0.702703 0.158000 0.420420
29 0.316000 0.723724 0.164000 0.354354
29 0.477000 0.713213 0.194000 0.369369
24 0.607000 0.809309 0.690000 0.303303
112 0.296000 0.914414 0.128000 0.069069
8 0.500000 0.186186 0.996000 0.366366
72 0.499000 0.677177 0.994000 0.639640
72 0.500000 0.828829 0.996000 0.336336