5 0.486446 0.520000 0.810241 0.328000
5 0.466867 0.336000 0.819277 0.672000
97 0.454819 0.242000 0.066265 0.048000
134 0.612952 0.739000 0.177711 0.274000
134 0.441265 0.747000 0.171687 0.266000
134 0.804217 0.734000 0.210843 0.284000
134 0.246988 0.759000 0.210843 0.298000
74 0.525602 0.882000 0.756024 0.080000
74 0.552711 0.887000 0.430723 0.106000
11 0.399096 0.896000 0.075301 0.028000
107 0.036145 0.626000 0.060241 0.072000
102 0.278614 0.596000 0.027108 0.016000
102 0.670181 0.591000 0.027108 0.018000
55 0.480422 0.848000 0.954819 0.284000
51 0.471386 0.421000 0.822289 0.118000
9 0.978916 0.512000 0.042169 0.048000
41 0.834337 0.702000 0.030120 0.192000
41 0.629518 0.706000 0.054217 0.176000
2 0.903614 0.320000 0.180723 0.604000
2 0.676205 0.594000 0.237952 0.100000
2 0.251506 0.630000 0.388554 0.116000
0 0.492470 0.506000 0.213855 0.080000
43 0.757530 0.555000 0.045181 0.102000
43 0.195783 0.559000 0.048193 0.098000