38 0.728000 0.749333 0.500000 0.448000
74 0.277000 0.889333 0.274000 0.088000
19 0.799000 0.416000 0.034000 0.080000
25 0.040000 0.328000 0.080000 0.069333
36 0.727000 0.452000 0.106000 0.232000
26 0.339000 0.716000 0.678000 0.216000
140 0.515000 0.836000 0.042000 0.050667
117 0.234000 0.544000 0.248000 0.533333
117 0.160000 0.324000 0.320000 0.632000
96 0.714000 0.409333 0.076000 0.045333
11 0.324000 0.806667 0.648000 0.264000
7 0.421000 0.801333 0.806000 0.386667
7 0.832000 0.426667 0.184000 0.170667
15 0.526000 0.782667 0.092000 0.120000
107 0.165000 0.834667 0.190000 0.138667
1 0.970000 0.596000 0.060000 0.445333
111 0.485000 0.692000 0.094000 0.088000
13 0.340000 0.641333 0.680000 0.072000
63 0.442000 0.882667 0.088000 0.069333
17 0.847000 0.084000 0.294000 0.168000
23 0.730000 0.625333 0.532000 0.749333