115 0.740000 0.545333 0.316000 0.056000
54 0.577000 0.108000 0.090000 0.109333
33 0.579000 0.778667 0.370000 0.437333
33 0.538000 0.777333 0.324000 0.440000
89 0.736000 0.557333 0.340000 0.037333
116 0.704000 0.529333 0.024000 0.056000
21 0.140000 0.373333 0.200000 0.256000
21 0.668000 0.262667 0.100000 0.274667
21 0.578000 0.280000 0.100000 0.272000
21 0.343000 0.432000 0.122000 0.389333
31 0.454000 0.933333 0.908000 0.133333
80 0.787000 0.677333 0.050000 0.090667
69 0.329000 0.952000 0.058000 0.053333
69 0.813000 0.894667 0.034000 0.205333
124 0.837000 0.541333 0.074000 0.021333
8 0.863000 0.388000 0.078000 0.120000
18 0.726000 0.853333 0.360000 0.288000
3 0.499000 0.498667 0.998000 0.997333
35 0.573000 0.110667 0.090000 0.141333