67 0.796000 0.587087 0.420000 0.831832
67 0.379000 0.518018 0.322000 0.939940
33 0.576000 0.749249 0.160000 0.501502
16 0.824000 0.312312 0.320000 0.294294
16 0.349000 0.187688 0.098000 0.063063
15 0.771000 0.938438 0.166000 0.129129
15 0.676000 0.840841 0.044000 0.216216
45 0.375000 0.147147 0.206000 0.198198
61 0.334000 0.704204 0.104000 0.135135
34 0.090000 0.849850 0.180000 0.114114
4 0.403000 0.705706 0.290000 0.594595
4 0.792000 0.795796 0.412000 0.414414
18 0.224000 0.821321 0.448000 0.363363
3 0.731000 0.267267 0.534000 0.534535