38 0.333000 0.390667 0.042000 0.098667
128 0.804000 0.436000 0.364000 0.274667
53 0.500000 0.500000 1.000000 1.000000
67 0.797000 0.469333 0.202000 0.805333
67 0.599000 0.478667 0.334000 0.813333
20 0.161000 0.526667 0.322000 0.696000
20 0.806000 0.472000 0.364000 0.346667
91 0.301000 0.470667 0.106000 0.408000
7 0.500000 0.828000 1.000000 0.344000
15 0.882000 0.453333 0.036000 0.064000
15 0.742000 0.384000 0.048000 0.069333
15 0.753000 0.376000 0.034000 0.053333
15 0.500000 0.165333 0.040000 0.048000
107 0.500000 0.340000 1.000000 0.680000
14 0.765000 0.662667 0.070000 0.333333
14 0.490000 0.649333 0.080000 0.349333
49 0.497000 0.830667 0.994000 0.344000