33 0.481000 0.285285 0.098000 0.120120
7 0.496000 0.629129 0.992000 0.717718
42 0.251000 0.478979 0.146000 0.255255
42 0.451000 0.534535 0.114000 0.180180
42 0.189000 0.315315 0.110000 0.180180
42 0.018000 0.321321 0.036000 0.216216
1 0.186000 0.406907 0.132000 0.471471
1 0.431000 0.542042 0.250000 0.225225
1 0.233000 0.503003 0.182000 0.297297
1 0.361000 0.295796 0.098000 0.201201
1 0.018000 0.424925 0.036000 0.435435
29 0.193000 0.490991 0.114000 0.255255
27 0.483000 0.277778 0.126000 0.129129
6 0.515000 0.289790 0.042000 0.111111
6 0.476000 0.288288 0.060000 0.114114
6 0.189000 0.405405 0.110000 0.444444
6 0.442000 0.267267 0.056000 0.162162
13 0.390000 0.286787 0.096000 0.129129
4 0.252000 0.468468 0.152000 0.234234
8 0.499000 0.159159 0.994000 0.312312
72 0.499000 0.528529 0.994000 0.918919
2 0.901000 0.369369 0.054000 0.096096
2 0.979000 0.283784 0.042000 0.303303