67 0.672000 0.386667 0.156000 0.362667
67 0.402000 0.444000 0.084000 0.226667
67 0.502000 0.425333 0.132000 0.280000
37 0.132000 0.469333 0.260000 0.128000
7 0.683000 0.141333 0.054000 0.112000
16 0.398000 0.342667 0.020000 0.024000
10 0.511000 0.466667 0.090000 0.213333
10 0.642000 0.234667 0.036000 0.058667
12 0.501000 0.426667 0.026000 0.037333
55 0.501000 0.762667 0.990000 0.464000
131 0.629000 0.566667 0.738000 0.066667
4 0.403000 0.397333 0.062000 0.058667
8 0.500000 0.284000 1.000000 0.568000