53 0.783000 0.352000 0.434000 0.490667
121 0.527000 0.412000 0.570000 0.354667
100 0.417000 0.500000 0.834000 0.994667
100 0.296000 0.240000 0.160000 0.101333
25 0.338000 0.382667 0.064000 0.045333
10 0.328000 0.381333 0.168000 0.218667
39 0.586000 0.705333 0.404000 0.338667
39 0.690000 0.870667 0.376000 0.242667
39 0.843000 0.125333 0.310000 0.240000
39 0.262000 0.125333 0.524000 0.250667
14 0.573000 0.385333 0.058000 0.056000
14 0.463000 0.550667 0.050000 0.072000
24 0.837000 0.481333 0.278000 0.210667
8 0.852000 0.321333 0.108000 0.082667
41 0.725000 0.292000 0.166000 0.114667
135 0.572000 0.289333 0.296000 0.088000