68 0.212963 0.775000 0.037037 0.042000
91 0.068287 0.790000 0.030093 0.076000
11 0.498843 0.887000 0.997685 0.226000
45 0.611111 0.758000 0.023148 0.016000
45 0.835648 0.705000 0.027778 0.018000
113 0.274306 0.440000 0.099537 0.060000
1 0.811343 0.777000 0.085648 0.162000
6 0.381944 0.770000 0.032407 0.048000
4 0.609954 0.791000 0.039352 0.042000
4 0.231481 0.774000 0.050926 0.068000
66 0.611111 0.825000 0.032407 0.034000
66 0.232639 0.802000 0.039352 0.024000
8 0.500000 0.260000 1.000000 0.520000
2 0.866898 0.591000 0.229167 0.386000
2 0.300926 0.547000 0.462963 0.494000
23 0.230324 0.791000 0.053241 0.154000