53 0.499000 0.307808 0.998000 0.615616
5 0.343000 0.306306 0.686000 0.612613
5 0.748000 0.444444 0.132000 0.300300
26 0.369000 0.558559 0.738000 0.108108
138 0.691000 0.615616 0.022000 0.036036
92 0.576000 0.509009 0.020000 0.033033
12 0.203000 0.387387 0.034000 0.036036
40 0.638000 0.614114 0.024000 0.033033
40 0.443000 0.665165 0.886000 0.141141
1 0.971000 0.573574 0.030000 0.072072
1 0.938000 0.570571 0.036000 0.108108
1 0.986000 0.570571 0.028000 0.138138
1 0.973000 0.599099 0.026000 0.057057
13 0.748000 0.339339 0.032000 0.396396
62 0.204000 0.495495 0.008000 0.162162
4 0.819000 0.548048 0.094000 0.105105
66 0.830000 0.612613 0.084000 0.060060
8 0.500000 0.258258 1.000000 0.516517
81 0.147000 0.144144 0.078000 0.018018
2 0.879000 0.369369 0.242000 0.384384
0 0.280000 0.126126 0.012000 0.012012