128 0.140000 0.429429 0.092000 0.138138
53 0.500000 0.270270 1.000000 0.540541
115 0.642000 0.557057 0.068000 0.069069
115 0.135000 0.665165 0.122000 0.045045
115 0.272000 0.599099 0.112000 0.111111
115 0.729000 0.525526 0.066000 0.126126
115 0.401000 0.591592 0.118000 0.090090
67 0.756000 0.418919 0.132000 0.411411
67 0.288000 0.456456 0.112000 0.354354
67 0.401000 0.451952 0.194000 0.411411
67 0.645000 0.411411 0.174000 0.462462
67 0.544000 0.400901 0.156000 0.423423
67 0.174000 0.509009 0.164000 0.321321
95 0.577000 0.749249 0.842000 0.501502
5 0.319000 0.424925 0.638000 0.165165
103 0.736000 0.465465 0.076000 0.174174
103 0.137000 0.554054 0.090000 0.177177
103 0.658000 0.469970 0.072000 0.177177
22 0.254000 0.788288 0.224000 0.417417
108 0.067000 0.728228 0.134000 0.051051
1 0.912000 0.503003 0.104000 0.255255
112 0.519000 0.597598 0.854000 0.144144
49 0.589000 0.743243 0.814000 0.495495
8 0.498000 0.219219 0.992000 0.438438
60 0.575000 0.714715 0.846000 0.558559