83 0.366000 0.519169 0.128000 0.099042
5 0.307000 0.404153 0.250000 0.367412
134 0.576000 0.539936 0.348000 0.683706
11 0.230000 0.838658 0.156000 0.150160
7 0.254000 0.813099 0.144000 0.156550
10 0.571000 0.324281 0.206000 0.252396
14 0.549000 0.755591 0.070000 0.252396
13 0.351000 0.445687 0.030000 0.591054
62 0.819000 0.498403 0.062000 0.146965
51 0.297000 0.327476 0.094000 0.111821
9 0.817000 0.439297 0.054000 0.015974
76 0.183000 0.610224 0.178000 0.268371
81 0.612000 0.282748 0.140000 0.156550
2 0.239000 0.177316 0.206000 0.188498
84 0.150000 0.559105 0.124000 0.511182
35 0.200000 0.610224 0.084000 0.153355
0 0.268000 0.349840 0.028000 0.079872