5 0.499000 0.509000 0.998000 0.974000
97 0.486000 0.403000 0.100000 0.094000
37 0.500000 0.315000 1.000000 0.630000
99 0.711000 0.880000 0.070000 0.012000
99 0.660000 0.792000 0.092000 0.020000
142 0.473000 0.401000 0.066000 0.018000
51 0.500000 0.766000 1.000000 0.076000
51 0.481000 0.528000 0.430000 0.064000
8 0.499000 0.320000 0.998000 0.640000
0 0.886000 0.930000 0.076000 0.120000
0 0.093000 0.940000 0.070000 0.116000
0 0.490000 0.934000 0.076000 0.120000
0 0.712000 0.936000 0.076000 0.124000
0 0.267000 0.939000 0.070000 0.122000
0 0.487000 0.647000 0.054000 0.098000
0 0.385000 0.648000 0.022000 0.096000
0 0.587000 0.645000 0.026000 0.102000
43 0.385000 0.412000 0.026000 0.100000