38 0.439000 0.466667 0.162000 0.234667
38 0.735000 0.330667 0.138000 0.192000
88 0.670000 0.692000 0.148000 0.136000
83 0.684000 0.774667 0.104000 0.125333
83 0.469000 0.928000 0.094000 0.128000
136 0.477000 0.132000 0.954000 0.264000
140 0.572000 0.477333 0.040000 0.021333
31 0.639000 0.861333 0.490000 0.277333
57 0.948000 0.882667 0.092000 0.138667
7 0.602000 0.429333 0.076000 0.138667
16 0.048000 0.481333 0.096000 0.322667
15 0.550000 0.508000 0.072000 0.093333
10 0.453000 0.222667 0.098000 0.157333
1 0.258000 0.629333 0.260000 0.741333
29 0.552000 0.821333 0.236000 0.357333
4 0.478000 0.482667 0.240000 0.378667
66 0.870000 0.714667 0.244000 0.426667
18 0.923000 0.910667 0.154000 0.178667