3 0.499219 0.498958 0.998437 0.997917
1 0.500000 0.579167 0.850000 0.837500
4 0.493750 0.865625 0.846875 0.268750
3 0.140625 0.317708 0.281250 0.535417
36 0.482812 0.609375 0.315625 0.535417
5 0.815625 0.163542 0.303125 0.302083
16 0.479687 0.353125 0.365625 0.381250
16 0.498437 0.813542 0.200000 0.135417
16 0.480469 0.266667 0.142187 0.133333
30 0.482812 0.591667 0.075000 0.175000
19 0.329688 0.607292 0.037500 0.143750
19 0.656250 0.558333 0.025000 0.154167
25 0.546094 0.519792 0.076563 0.039583