95 0.879395 0.468750 0.030273 0.017578
95 0.878906 0.563965 0.029297 0.016602
95 0.853516 0.490723 0.023438 0.012695
95 0.936523 0.452148 0.027344 0.023438
95 0.962402 0.493652 0.032227 0.018555
95 0.979492 0.623047 0.023438 0.027344
103 0.450684 0.853516 0.180664 0.289062
12 0.055176 0.388184 0.020508 0.034180
12 0.031738 0.326660 0.026367 0.018555
85 0.348145 0.527832 0.696289 0.334961
49 0.500977 0.821777 0.992188 0.352539
2 0.232910 0.375488 0.456055 0.741211
52 0.453613 0.499512 0.469727 0.278320
3 0.823730 0.460449 0.342773 0.432617
3 0.830566 0.386230 0.331055 0.407227
3 0.833984 0.449219 0.326172 0.464844
3 0.833008 0.397949 0.328125 0.368164
23 0.464844 0.589844 0.277344 0.320312
23 0.500000 0.573242 0.294922 0.353516
23 0.483887 0.550781 0.368164 0.396484