95 0.039551 0.771484 0.045898 0.084635
95 0.084961 0.771484 0.042969 0.089844
95 0.052734 0.477214 0.050781 0.079427
95 0.151855 0.773438 0.096680 0.083333
95 0.068359 0.547526 0.050781 0.074219
5 0.500000 0.466146 1.000000 0.932292
7 0.500000 0.937500 1.000000 0.125000
75 0.666504 0.674479 0.018555 0.039062
63 0.360352 0.891927 0.080078 0.070312
51 0.500000 0.034505 1.000000 0.066406
109 0.803223 0.746745 0.131836 0.055990
76 0.830078 0.848307 0.103516 0.126302
3 0.592773 0.509115 0.609375 0.791667
3 0.145996 0.477214 0.291992 0.876302
35 0.610840 0.855469 0.088867 0.101562
0 0.596680 0.473307 0.175781 0.295573