5 0.058105 0.569010 0.116211 0.190104
126 0.120605 0.763672 0.241211 0.256510
26 0.500000 0.621094 1.000000 0.723958
85 0.247070 0.521484 0.060547 0.024740
1 0.451660 0.736979 0.165039 0.528646
1 0.287598 0.707031 0.206055 0.593750
1 0.617676 0.757161 0.252930 0.490885
1 0.800293 0.712891 0.293945 0.579427
13 0.607422 0.416667 0.021484 0.234375
4 0.760254 0.666667 0.213867 0.296875
4 0.617676 0.803385 0.221680 0.312500
66 0.799805 0.880208 0.164062 0.210938
8 0.500977 0.382812 0.998047 0.755208
2 0.056152 0.762370 0.112305 0.256510
2 0.115723 0.745443 0.231445 0.227865
0 0.012695 0.559896 0.015625 0.026042
0 0.041504 0.529297 0.012695 0.016927
0 0.084961 0.569661 0.009766 0.011719
0 0.054688 0.544922 0.013672 0.016927
0 0.034668 0.550130 0.008789 0.016927
0 0.051758 0.563802 0.013672 0.018229