105 0.367578 0.530208 0.463281 0.475000
105 0.028125 0.521354 0.056250 0.234375
20 0.137891 0.856250 0.275781 0.289583
22 0.625781 0.477604 0.073438 0.044792
22 0.163281 0.206771 0.075000 0.071875
12 0.344531 0.689063 0.017188 0.023958
12 0.319922 0.686458 0.019531 0.025000
12 0.534375 0.689063 0.017188 0.026042
12 0.557422 0.686979 0.017969 0.026042
1 0.663281 0.606250 0.057813 0.256250
65 0.485156 0.370833 0.012500 0.041667
65 0.498047 0.371354 0.011719 0.040625
27 0.611328 0.621875 0.075781 0.250000
27 0.710938 0.634375 0.123438 0.250000
49 0.786328 0.803125 0.424219 0.200000
60 0.499609 0.785937 0.999219 0.428125
76 0.262891 0.707812 0.038281 0.113542
76 0.182031 0.673958 0.026562 0.104167
2 0.087109 0.231771 0.069531 0.111458
2 0.626172 0.497396 0.074219 0.078125
0 0.232031 0.492708 0.026562 0.164583
0 0.025391 0.482292 0.050781 0.125000
0 0.278516 0.489583 0.025781 0.175000
0 0.155859 0.495833 0.030469 0.141667
0 0.184375 0.495312 0.037500 0.148958
0 0.438672 0.512500 0.272656 0.214583