68 0.729004 0.880208 0.075195 0.239583
33 0.813477 0.869141 0.187500 0.264323
44 0.319336 0.411458 0.021484 0.023438
44 0.347168 0.406250 0.024414 0.020833
44 0.364258 0.408854 0.017578 0.028646
91 0.429199 0.667969 0.110352 0.375000
57 0.667480 0.673177 0.026367 0.091146
16 0.269043 0.559896 0.065430 0.138021
16 0.444824 0.559896 0.077148 0.161458
42 0.543457 0.776042 0.192383 0.260417
42 0.554199 0.598307 0.139648 0.131510
29 0.160156 0.867839 0.132812 0.076823
29 0.342773 0.923177 0.216797 0.151042
29 0.719727 0.915365 0.197266 0.169271
4 0.729492 0.592448 0.087891 0.104167
4 0.327637 0.770833 0.208008 0.307292
4 0.108887 0.770833 0.178711 0.257812
18 0.568359 0.816406 0.804688 0.367188
81 0.815918 0.836589 0.153320 0.313802
149 0.342285 0.480469 0.024414 0.062500
23 0.266602 0.565104 0.076172 0.148438
23 0.126465 0.733724 0.211914 0.371094