5 0.821289 0.261696 0.349609 0.505848
114 0.231934 0.664474 0.340820 0.402047
42 0.035645 0.586257 0.059570 0.111111
103 0.018555 0.754386 0.037109 0.210526
119 0.812500 0.090643 0.046875 0.073099
40 0.572754 0.804094 0.444336 0.114035
1 0.034668 0.669591 0.069336 0.391813
27 0.692871 0.524123 0.083008 0.203216
6 0.947266 0.522661 0.013672 0.051170
4 0.947754 0.514620 0.012695 0.017544
9 0.812988 0.086988 0.049805 0.089181
9 0.104980 0.344298 0.079102 0.033626
9 0.380859 0.281433 0.187500 0.077485
60 0.500000 0.800439 1.000000 0.349415
0 0.557617 0.143275 0.019531 0.099415
0 0.492676 0.130848 0.038086 0.095029
0 0.883301 0.105994 0.012695 0.095029
0 0.097656 0.068713 0.046875 0.096491
0 0.293945 0.084795 0.025391 0.105263
0 0.595215 0.141813 0.034180 0.111111
0 0.853027 0.081871 0.038086 0.131579
0 0.650391 0.110380 0.050781 0.103801
0 0.756348 0.080409 0.047852 0.105263
0 0.271973 0.080409 0.032227 0.114035
43 0.204590 0.272661 0.041992 0.118421
23 0.686035 0.531433 0.057617 0.217836