100 0.881000 0.201649 0.174000 0.262369
5 0.645000 0.183658 0.620000 0.352324
20 0.872000 0.469265 0.254000 0.293853
47 0.712000 0.302099 0.026000 0.064468
47 0.607500 0.305097 0.031000 0.064468
47 0.331000 0.289355 0.026000 0.077961
47 0.332000 0.377811 0.058000 0.077961
47 0.710500 0.301349 0.025000 0.062969
47 0.528000 0.366567 0.026000 0.028486
47 0.693000 0.301349 0.062000 0.065967
47 0.531000 0.307346 0.034000 0.068966
47 0.681000 0.300600 0.032000 0.064468
47 0.568000 0.303598 0.038000 0.067466
47 0.627500 0.176912 0.045000 0.089955
47 0.375000 0.553973 0.178000 0.652174
47 0.391000 0.288606 0.022000 0.073463
47 0.644500 0.302849 0.031000 0.062969
40 0.871500 0.636432 0.257000 0.085457
13 0.188000 0.146927 0.020000 0.284858
55 0.649000 0.743628 0.702000 0.506747
49 0.313000 0.766867 0.626000 0.463268
9 0.376500 0.408546 0.175000 0.361319
9 0.617500 0.526237 0.269000 0.947526
9 0.231000 0.368066 0.108000 0.172414
9 0.246000 0.436282 0.088000 0.263868
9 0.364000 0.290105 0.026000 0.076462
9 0.614500 0.529985 0.269000 0.940030
9 0.249500 0.437031 0.089000 0.262369
9 0.374000 0.558471 0.178000 0.658171
76 0.865500 0.560720 0.055000 0.116942
2 0.267500 0.233883 0.285000 0.365817