129 0.122549 0.044935 0.026144 0.089869
129 0.102941 0.043301 0.026144 0.086601
129 0.066993 0.044118 0.029412 0.081699
129 0.044118 0.044935 0.035948 0.089869
129 0.026961 0.044118 0.024510 0.088235
129 0.010621 0.047386 0.021242 0.081699
129 0.170752 0.042484 0.024510 0.084967
57 0.160131 0.450980 0.284314 0.607843
57 0.901144 0.450163 0.178105 0.397059
90 0.104575 0.149510 0.209150 0.299020
18 0.500000 0.701797 1.000000 0.586601
50 0.622549 0.197712 0.450980 0.395425
3 0.345588 0.205065 0.135621 0.403595