88 0.634766 0.662757 0.650391 0.302053
77 0.478516 0.229472 0.607422 0.458944
77 0.127441 0.253666 0.254883 0.507331
77 0.873535 0.329179 0.250977 0.177419
26 0.500000 0.542522 1.000000 0.495601
64 0.395996 0.818915 0.106445 0.104106
57 0.035156 0.122434 0.031250 0.092375
57 0.129395 0.140029 0.026367 0.101173
7 0.500000 0.884897 1.000000 0.215543
15 0.440430 0.410557 0.058594 0.079179
10 0.469238 0.375367 0.096680 0.102639
42 0.510742 0.563050 0.312500 0.378299
1 0.513184 0.594575 0.334961 0.541056
112 0.389648 0.807185 0.109375 0.098240
76 0.199707 0.211144 0.073242 0.114370
81 0.469727 0.080645 0.109375 0.161290
2 0.325684 0.113636 0.102539 0.156891
28 0.500000 0.581378 1.000000 0.368035
43 0.536621 0.271261 0.020508 0.061584
43 0.411133 0.252933 0.023438 0.048387