68 0.294434 0.778701 0.090820 0.067976
68 0.071289 0.484894 0.052734 0.120846
68 0.324219 0.597432 0.064453 0.270393
77 0.759766 0.373112 0.353516 0.045317
91 0.081543 0.778701 0.131836 0.442598
45 0.175293 0.314955 0.041992 0.055891
45 0.073730 0.602719 0.084961 0.084592
10 0.069824 0.615559 0.090820 0.113293
27 0.174805 0.562689 0.121094 0.557402
27 0.666504 0.778701 0.120117 0.267372
27 0.881836 0.362538 0.019531 0.036254
27 0.563965 0.770393 0.096680 0.217523
27 0.376465 0.651057 0.104492 0.607251
27 0.633301 0.354985 0.016602 0.048338
6 0.462891 0.611782 0.095703 0.570997
6 0.046875 0.592900 0.093750 0.515106
4 0.660645 0.808157 0.114258 0.202417
8 0.500000 0.152568 1.000000 0.305136
52 0.454590 0.298338 0.219727 0.152568