129 0.861328 0.569481 0.095703 0.105195
54 0.110840 0.333766 0.032227 0.044156
54 0.116699 0.314286 0.053711 0.036364
54 0.484375 0.264935 0.015625 0.038961
54 0.461914 0.300000 0.009766 0.054545
54 0.453613 0.281818 0.014648 0.070130
54 0.490723 0.251299 0.016602 0.037662
54 0.470215 0.246104 0.014648 0.040260
54 0.254395 0.424026 0.028320 0.063636
31 0.502441 0.501948 0.989258 0.990909
16 0.228027 0.315584 0.034180 0.036364
16 0.750977 0.676623 0.078125 0.090909
1 0.258301 0.388961 0.120117 0.188312
1 0.335938 0.696104 0.167969 0.327273
1 0.117188 0.316883 0.171875 0.267532
1 0.670410 0.286364 0.098633 0.276623
1 0.517090 0.442208 0.147461 0.336364
1 0.917480 0.289610 0.139648 0.329870
4 0.254883 0.396104 0.103516 0.142857
4 0.254883 0.663636 0.093750 0.140260
4 0.734375 0.035065 0.044922 0.070130
4 0.669434 0.283766 0.092773 0.188312
4 0.517090 0.413636 0.118164 0.159740
4 0.913086 0.259091 0.097656 0.141558
18 0.898438 0.571429 0.183594 0.283117
81 0.276855 0.582468 0.043945 0.066234
149 0.916992 0.546753 0.031250 0.036364
23 0.748535 0.742208 0.118164 0.211688
23 0.256348 0.653247 0.106445 0.202597
23 0.734375 0.062338 0.078125 0.124675
23 0.799316 0.152597 0.073242 0.261039
23 0.657227 0.525325 0.101562 0.253247