5 0.174805 0.399740 0.349609 0.226562
105 0.831055 0.469401 0.246094 0.248698
20 0.180664 0.494792 0.066406 0.039062
96 0.241211 0.449219 0.015625 0.005208
45 0.240234 0.443359 0.021484 0.016927
85 0.443359 0.533854 0.042969 0.031250
85 0.776367 0.519531 0.027344 0.015625
40 0.863281 0.731771 0.136719 0.075521
1 0.245605 0.538411 0.067383 0.209635
75 0.822266 0.418620 0.013672 0.035156
13 0.378906 0.171224 0.015625 0.342448
55 0.499023 0.765625 0.998047 0.468750
4 0.247559 0.508464 0.055664 0.087240
49 0.499023 0.614583 0.998047 0.200521
8 0.499023 0.200521 0.998047 0.401042
76 0.483887 0.604167 0.047852 0.096354
2 0.137207 0.380859 0.176758 0.220052
43 0.882812 0.412760 0.117188 0.072917
43 0.084961 0.462891 0.035156 0.024740