57 0.376465 0.282577 0.047852 0.017570
45 0.943848 0.237189 0.032227 0.040996
42 0.333496 0.508053 0.168945 0.377745
1 0.462891 0.425329 0.066406 0.338214
1 0.321777 0.610542 0.211914 0.775988
111 0.472168 0.442899 0.061523 0.054173
6 0.652344 0.614934 0.273438 0.767204
4 0.145020 0.428258 0.077148 0.124451
9 0.631348 0.484627 0.215820 0.503660
9 0.627441 0.361640 0.211914 0.260615
60 0.893555 0.437042 0.210938 0.285505
3 0.353516 0.130307 0.226562 0.260615
23 0.140137 0.479502 0.081055 0.332357