11 0.497656 0.941146 0.995313 0.103125
42 0.740625 0.931250 0.020313 0.037500
113 0.707812 0.114583 0.060937 0.056250
113 0.723828 0.329688 0.058594 0.053125
113 0.572656 0.147396 0.071875 0.021875
113 0.276172 0.522917 0.049219 0.039583
113 0.462500 0.512500 0.098437 0.058333
113 0.210547 0.168229 0.078906 0.042708
113 0.603516 0.432292 0.033594 0.033333
113 0.102734 0.741667 0.019531 0.022917
113 0.466406 0.774479 0.010937 0.023958
113 0.330469 0.733854 0.010937 0.017708
113 0.315625 0.788021 0.018750 0.038542
113 0.180469 0.457292 0.029687 0.025000
113 0.426172 0.663021 0.014844 0.017708
113 0.531250 0.761979 0.078125 0.030208
113 0.285938 0.594271 0.021875 0.023958
113 0.341406 0.864062 0.101562 0.090625
113 0.285938 0.596875 0.098437 0.060417
27 0.504687 0.939583 0.046875 0.122917
27 0.273047 0.938542 0.016406 0.058333
6 0.775391 0.921875 0.017969 0.047917
71 0.500000 0.500000 1.000000 1.000000
8 0.496484 0.457292 0.992969 0.914583
41 0.176953 0.459896 0.019531 0.017708