88 0.957520 0.698568 0.084961 0.048177
37 0.436035 0.067057 0.038086 0.027344
37 0.095703 0.055990 0.019531 0.015625
144 0.968262 0.656901 0.030273 0.050781
7 0.878418 0.946615 0.243164 0.106771
10 0.284180 0.525391 0.031250 0.048177
10 0.525391 0.477214 0.033203 0.048177
10 0.385254 0.408854 0.028320 0.031250
10 0.472656 0.488281 0.033203 0.046875
107 0.968262 0.503906 0.063477 0.302083
47 0.604492 0.793620 0.009766 0.016927
47 0.619629 0.789714 0.010742 0.014323
47 0.612305 0.792969 0.007812 0.015625
119 0.620117 0.791016 0.007812 0.016927
12 0.481934 0.748698 0.102539 0.067708
40 0.878906 0.848958 0.093750 0.020833
1 0.523926 0.509766 0.065430 0.113281
1 0.395508 0.453776 0.048828 0.118490
1 0.473145 0.503906 0.036133 0.080729
1 0.283691 0.525391 0.028320 0.045573
65 0.612305 0.810547 0.031250 0.022135
55 0.500000 0.860677 1.000000 0.276042
24 0.547363 0.885417 0.577148 0.106771
8 0.500000 0.242839 1.000000 0.485677
60 0.500000 0.861979 1.000000 0.273438
76 0.405762 0.857422 0.057617 0.144531
125 0.434082 0.651693 0.666992 0.563802