115 0.535156 0.612630 0.101562 0.050781
54 0.625000 0.501953 0.029297 0.118490
54 0.149414 0.477214 0.019531 0.147135
86 0.694336 0.710938 0.109375 0.059896
86 0.426270 0.530599 0.018555 0.011719
83 0.492676 0.500651 0.178711 0.079427
123 0.675781 0.216146 0.363281 0.195312
89 0.716797 0.764323 0.566406 0.471354
21 0.658691 0.902995 0.178711 0.188802
12 0.310547 0.315104 0.320312 0.065104
124 0.352051 0.563151 0.374023 0.079427
81 0.145996 0.413411 0.012695 0.019531
81 0.626465 0.454427 0.016602 0.023438
145 0.627441 0.930339 0.127930 0.136719
3 0.342285 0.399740 0.416992 0.234375