130 0.796525 0.760802 0.025785 0.061728
130 0.663677 0.907407 0.071749 0.114198
130 0.432735 0.812500 0.044843 0.100309
91 0.302130 0.800926 0.052691 0.169753
10 0.570067 0.811728 0.025785 0.046296
10 0.665359 0.832562 0.030269 0.044753
10 0.435538 0.753858 0.021300 0.038580
92 0.895740 0.858796 0.069507 0.097222
146 0.659193 0.506173 0.253363 0.237654
1 0.566143 0.895062 0.096413 0.209877
29 0.306614 0.819444 0.025785 0.114198
6 0.525785 0.685957 0.020179 0.097222
6 0.882287 0.904321 0.139013 0.188272
24 0.703475 0.780093 0.063901 0.026235
24 0.191143 0.918981 0.252242 0.103395
24 0.920964 0.812500 0.063901 0.060185
24 0.797085 0.833333 0.118834 0.074074
24 0.381166 0.807870 0.062780 0.016975
72 0.317825 0.851080 0.590807 0.297840
23 0.525785 0.685957 0.017937 0.094136
23 0.302130 0.800926 0.050448 0.169753
23 0.663117 0.902778 0.070628 0.188272