105 0.379883 0.595345 0.449219 0.524024
105 0.319824 0.540541 0.301758 0.297297
20 0.737305 0.677177 0.099609 0.117117
20 0.850586 0.679429 0.125000 0.151652
20 0.099609 0.696697 0.125000 0.186186
37 0.250977 0.209459 0.136719 0.094595
37 0.636230 0.277027 0.096680 0.124625
37 0.210938 0.263514 0.117188 0.151652
37 0.720215 0.393393 0.059570 0.078078
37 0.230957 0.259009 0.139648 0.094595
55 0.501465 0.858859 0.997070 0.282282
8 0.572754 0.186186 0.497070 0.279279
8 0.498047 0.252252 0.992188 0.501502
8 0.493652 0.167417 0.793945 0.319820
8 0.636230 0.174174 0.331055 0.213213
60 0.951660 0.921171 0.096680 0.157658
2 0.049805 0.386637 0.099609 0.322823
17 0.087891 0.380631 0.175781 0.307808