38 0.486667 0.413333 0.090000 0.400000
67 0.469167 0.415000 0.245000 0.743333
67 0.581667 0.473333 0.410000 0.870000
101 0.474167 0.120000 0.088333 0.100000
16 0.560000 0.095833 0.116667 0.135000
15 0.495833 0.583333 0.068333 0.043333
10 0.570833 0.102500 0.128333 0.148333
29 0.083333 0.260000 0.050000 0.090000
29 0.548333 0.652500 0.250000 0.148333
6 0.075000 0.210000 0.086667 0.190000
6 0.774167 0.233333 0.061667 0.210000
6 0.403333 0.369167 0.113333 0.498333
6 0.341667 0.160833 0.040000 0.108333
6 0.915000 0.256667 0.100000 0.260000
4 0.304167 0.153333 0.015000 0.030000
48 0.436667 0.850000 0.140000 0.090000
48 0.385000 0.665833 0.080000 0.081667
48 0.526667 0.748333 0.110000 0.063333
48 0.715000 0.873333 0.153333 0.076667