68 0.356934 0.521484 0.083008 0.128906
5 0.851562 0.348958 0.296875 0.697917
5 0.672852 0.299479 0.074219 0.427083
20 0.568848 0.658203 0.416992 0.438802
130 0.178711 0.687500 0.179688 0.562500
15 0.354492 0.404297 0.052734 0.055990
27 0.354492 0.640625 0.125000 0.609375
27 0.188965 0.662760 0.190430 0.632812
60 0.166016 0.786458 0.332031 0.427083
52 0.249023 0.349609 0.332031 0.235677
0 0.819824 0.160807 0.018555 0.186198
0 0.691895 0.274740 0.010742 0.143229
0 0.758789 0.182943 0.015625 0.178385
0 0.717285 0.248047 0.010742 0.144531