68 0.437500 0.667480 0.093750 0.073242
68 0.756510 0.607422 0.096354 0.048828
83 0.594401 0.736328 0.160156 0.082031
83 0.683594 0.698730 0.151042 0.071289
123 0.600260 0.621094 0.135417 0.175781
33 0.183594 0.898438 0.367188 0.193359
144 0.791667 0.681641 0.041667 0.074219
21 0.620443 0.583008 0.079427 0.097656
21 0.623047 0.666016 0.076823 0.085938
21 0.621745 0.399414 0.118490 0.251953
31 0.499349 0.813965 0.998698 0.362305
12 0.097005 0.340820 0.194010 0.210938
18 0.778646 0.562012 0.242188 0.200195
3 0.499349 0.331055 0.998698 0.662109