11 0.816895 0.706442 0.356445 0.265007
11 0.062500 0.713031 0.121094 0.064422
118 0.353027 0.638360 0.084961 0.058565
1 0.458496 0.607613 0.114258 0.368960
1 0.271484 0.636164 0.103516 0.411420
55 0.499023 0.870425 0.998047 0.250366
109 0.199707 0.598097 0.063477 0.147877
4 0.265137 0.576867 0.106445 0.131772
4 0.454102 0.558565 0.107422 0.115666
8 0.496094 0.143485 0.992188 0.286969
76 0.401367 0.815520 0.095703 0.216691
17 0.579102 0.269400 0.832031 0.538799
35 0.401855 0.808931 0.096680 0.206442