38 0.679688 0.779297 0.261719 0.399740
115 0.936523 0.288411 0.123047 0.261719
54 0.241211 0.533854 0.101562 0.184896
67 0.705566 0.513672 0.463867 0.933594
136 0.605957 0.046875 0.758789 0.093750
139 0.655273 0.623698 0.138672 0.156250
31 0.945312 0.694661 0.035156 0.576823
16 0.715332 0.177083 0.274414 0.273438
15 0.212891 0.593750 0.140625 0.106771
10 0.724609 0.200521 0.302734 0.302083
12 0.264160 0.021484 0.032227 0.042969
108 0.106445 0.783854 0.212891 0.429688
1 0.111816 0.501953 0.213867 0.993490
1 0.701172 0.514974 0.474609 0.946615
6 0.216797 0.507161 0.316406 0.983073
120 0.373047 0.169271 0.093750 0.125000
109 0.498047 0.393229 0.085938 0.070312
4 0.712891 0.693359 0.433594 0.522135
4 0.110352 0.667969 0.205078 0.494792
18 0.356445 0.304688 0.085938 0.145833
3 0.370605 0.151693 0.237305 0.178385
3 0.943359 0.104818 0.089844 0.152344
0 0.435547 0.163411 0.066406 0.123698
43 0.327148 0.158854 0.050781 0.130208
104 0.653320 0.637370 0.173828 0.149740