21 0.632812 0.691740 0.021484 0.132743
7 0.490234 0.801622 0.138672 0.258112
42 0.077637 0.759587 0.090820 0.147493
12 0.688965 0.418879 0.034180 0.047198
85 0.252441 0.335546 0.055664 0.072271
40 0.379395 0.870206 0.100586 0.235988
1 0.361328 0.785398 0.052734 0.240413
1 0.076172 0.817847 0.087891 0.349558
1 0.362793 0.783923 0.063477 0.252212
4 0.367676 0.737463 0.053711 0.100295
9 0.340332 0.479351 0.118164 0.115044
133 0.559082 0.831858 0.309570 0.309735
43 0.842773 0.524336 0.054688 0.057522
23 0.296387 0.790560 0.063477 0.250737