54 0.572770 0.757292 0.037559 0.070833
86 0.435837 0.758854 0.220657 0.119792
123 0.160407 0.829688 0.320814 0.332292
123 0.286385 0.835417 0.097027 0.147917
89 0.156495 0.827083 0.312989 0.333333
31 0.636933 0.857292 0.697966 0.281250
31 0.658842 0.885938 0.676056 0.221875
7 0.635368 0.846875 0.723005 0.295833
143 0.296557 0.842187 0.039124 0.038542
143 0.313772 0.978125 0.048513 0.033333
75 0.173709 0.317188 0.084507 0.148958
109 0.431925 0.729688 0.215962 0.086458
124 0.107981 0.783854 0.206573 0.173958
50 0.670579 0.921875 0.086072 0.037500
145 0.775430 0.638021 0.374022 0.169792
3 0.612676 0.625000 0.771518 0.300000
28 0.444444 0.750000 0.065728 0.010417
0 0.891236 0.340104 0.211268 0.253125