128 0.280762 0.383994 0.063477 0.098385
67 0.921875 0.439060 0.078125 0.290749
26 0.482422 0.428781 0.964844 0.067548
56 0.500488 0.646843 0.997070 0.706314
16 0.632812 0.309104 0.074219 0.118943
16 0.151855 0.347283 0.032227 0.063142
1 0.345215 0.556535 0.491211 0.704846
1 0.631348 0.573421 0.280273 0.650514
65 0.278320 0.380323 0.031250 0.032305
29 0.165039 0.512482 0.052734 0.138032
4 0.924316 0.383994 0.084961 0.101322
23 0.281250 0.439060 0.066406 0.299559
23 0.165039 0.449339 0.058594 0.267254