38 0.258500 0.311585 0.041000 0.184146
67 0.858500 0.466463 0.171000 0.632927
67 0.173000 0.415244 0.210000 0.650000
5 0.621000 0.142073 0.630000 0.284146
130 0.749000 0.273780 0.168000 0.210976
130 0.178500 0.295732 0.197000 0.223171
64 0.115500 0.676829 0.069000 0.056098
64 0.456500 0.660976 0.085000 0.053659
64 0.223500 0.700000 0.047000 0.075610
7 0.500000 0.557927 1.000000 0.786585
16 0.886500 0.215854 0.013000 0.019512
15 0.258000 0.429268 0.026000 0.041463
45 0.864500 0.187195 0.063000 0.079268
10 0.574000 0.176220 0.064000 0.101220
10 0.430500 0.131707 0.049000 0.100000
10 0.431000 0.131707 0.050000 0.100000
10 0.743500 0.146341 0.065000 0.100000
10 0.493500 0.145732 0.057000 0.103659
10 0.865500 0.203049 0.063000 0.108537
10 0.184000 0.145732 0.058000 0.113415
10 0.546000 0.246341 0.066000 0.065854
82 0.404000 0.500610 0.052000 0.315854
119 0.651500 0.248171 0.037000 0.064634
1 0.952500 0.492073 0.089000 0.471951
1 0.416000 0.370122 0.128000 0.576829
1 0.602000 0.442683 0.214000 0.631707
29 0.714000 0.562805 0.094000 0.210976
29 0.646000 0.535976 0.118000 0.301220
29 0.164000 0.527439 0.154000 0.293902
29 0.423500 0.493902 0.085000 0.260976
29 0.962000 0.575610 0.074000 0.282927
6 0.489500 0.400000 0.165000 0.612195
6 0.559000 0.470122 0.148000 0.515854
6 0.712500 0.548780 0.095000 0.395122
72 0.500000 0.580488 1.000000 0.839024
2 0.230500 0.173780 0.309000 0.301220