106 0.335938 0.353587 0.255859 0.273792
127 0.147949 0.442167 0.024414 0.043924
127 0.968750 0.401171 0.029297 0.052709
65 0.338867 0.882870 0.021484 0.055637
65 0.010742 0.868228 0.021484 0.052709
65 0.159180 0.875549 0.019531 0.052709
65 0.185547 0.877013 0.019531 0.052709
65 0.074707 0.871889 0.016602 0.051245
65 0.101074 0.874085 0.026367 0.052709
65 0.246094 0.879209 0.021484 0.054173
65 0.555176 0.890922 0.061523 0.060029
65 0.434570 0.886530 0.023438 0.057101
65 0.275391 0.879941 0.031250 0.055637
9 0.500000 0.875549 1.000000 0.158126