38 0.282715 0.393851 0.155273 0.152269
21 0.695312 0.358712 0.132812 0.114202
21 0.686523 0.648609 0.082031 0.093704
21 0.694824 0.510249 0.133789 0.118594
21 0.692383 0.215959 0.138672 0.144949
19 0.260742 0.161054 0.017578 0.046852
80 0.551270 0.822840 0.217773 0.152269
80 0.697266 0.776720 0.248047 0.109810
80 0.895996 0.698389 0.206055 0.093704
80 0.824219 0.909224 0.335938 0.181552
16 0.105957 0.422401 0.041992 0.045388
32 0.151367 0.887994 0.205078 0.121523
10 0.235840 0.153734 0.131836 0.216691
10 0.104492 0.430454 0.042969 0.058565
42 0.193848 0.538067 0.063477 0.127379
42 0.100098 0.493411 0.073242 0.090776
22 0.163086 0.254758 0.093750 0.064422
22 0.472168 0.221083 0.106445 0.117130
1 0.256836 0.468521 0.246094 0.828697
1 0.180176 0.540264 0.092773 0.137628
6 0.516602 0.507321 0.021484 0.098097
6 0.488770 0.485359 0.014648 0.048316
4 0.306641 0.407028 0.144531 0.371889
9 0.477051 0.333089 0.067383 0.033675
2 0.453125 0.222548 0.117188 0.184480