105 0.104492 0.067708 0.208984 0.101562
105 0.426758 0.223307 0.095703 0.102865
105 0.645020 0.050781 0.059570 0.072917
20 0.201172 0.736979 0.058594 0.057292
20 0.396973 0.608073 0.055664 0.057292
20 0.240234 0.563802 0.048828 0.057292
20 0.749512 0.518880 0.059570 0.082031
20 0.347168 0.813151 0.067383 0.076823
20 0.246094 0.900391 0.070312 0.061198
20 0.246094 0.897135 0.070312 0.062500
20 0.225098 0.707031 0.055664 0.059896
20 0.253418 0.676432 0.061523 0.061198
20 0.262207 0.639974 0.075195 0.055990
20 0.132812 0.778646 0.074219 0.072917
20 0.250000 0.809896 0.066406 0.059896
40 0.625977 0.768880 0.005859 0.011719
40 0.666992 0.669271 0.007812 0.015625
40 0.653809 0.703125 0.008789 0.015625
40 0.693848 0.604818 0.008789 0.011719
40 0.639648 0.736979 0.007812 0.015625
1 0.070312 0.869141 0.029297 0.074219
1 0.596680 0.336589 0.015625 0.055990
1 0.608398 0.332031 0.023438 0.059896
6 0.237793 0.427734 0.016602 0.053385
6 0.177246 0.348307 0.010742 0.045573
6 0.184082 0.347656 0.008789 0.044271
6 0.195312 0.415365 0.015625 0.044271
6 0.211426 0.412760 0.016602 0.052083
6 0.235840 0.429036 0.016602 0.055990
13 0.561035 0.703776 0.127930 0.587240
13 0.694824 0.656250 0.127930 0.536458
55 0.499023 0.498698 0.998047 0.997396
4 0.338379 0.211589 0.012695 0.022135
49 0.294922 0.337240 0.259766 0.257812
9 0.144531 0.218750 0.070312 0.109375
2 0.953125 0.751953 0.087891 0.490885
125 0.313965 0.567708 0.059570 0.065104