129 0.696289 0.910807 0.257812 0.160156
129 0.304688 0.842448 0.185547 0.119792
129 0.582520 0.714193 0.112305 0.061198
129 0.604004 0.679688 0.110352 0.065104
5 0.499023 0.501953 0.998047 0.993490
136 0.502441 0.037760 0.989258 0.062500
33 0.639160 0.356771 0.098633 0.098958
33 0.128906 0.614583 0.248047 0.429688
33 0.932129 0.824870 0.127930 0.300781
14 0.233398 0.700521 0.048828 0.127604
14 0.112793 0.750000 0.053711 0.130208
14 0.229492 0.702474 0.048828 0.121094
14 0.902832 0.876953 0.045898 0.144531
14 0.131348 0.708333 0.026367 0.059896
14 0.039062 0.722005 0.044922 0.115885
71 0.099609 0.201172 0.064453 0.136719
71 0.156738 0.205729 0.075195 0.109375
71 0.156250 0.201823 0.078125 0.127604
93 0.538574 0.501953 0.139648 0.186198
18 0.641602 0.408203 0.230469 0.053385
18 0.570801 0.707682 0.536133 0.160156
18 0.496094 0.873698 0.757812 0.236979
3 0.168457 0.371745 0.336914 0.743490
3 0.683594 0.194661 0.628906 0.386719