68 0.052083 0.389648 0.098958 0.093750
68 0.285156 0.431152 0.367188 0.254883
97 0.707031 0.242188 0.083333 0.031250
130 0.597005 0.221191 0.186198 0.221680
89 0.738281 0.424316 0.515625 0.077148
31 0.497396 0.730957 0.994792 0.538086
32 0.328776 0.838867 0.058594 0.097656
32 0.085938 0.819824 0.054688 0.092773
32 0.184896 0.534668 0.122396 0.036133
32 0.290365 0.195312 0.197917 0.312500
103 0.575521 0.437988 0.195312 0.291992
103 0.887370 0.424316 0.053385 0.083008
47 0.859375 0.136230 0.031250 0.034180
47 0.791016 0.087891 0.032552 0.035156
47 0.884115 0.140137 0.031250 0.038086
47 0.761719 0.077148 0.046875 0.048828
47 0.805339 0.130371 0.027344 0.034180
47 0.757161 0.120605 0.035156 0.043945
47 0.815755 0.083496 0.024740 0.040039
47 0.832682 0.095215 0.042969 0.041992
1 0.591146 0.312500 0.242188 0.593750
65 0.395182 0.314941 0.014323 0.008789
6 0.891927 0.382812 0.072917 0.166016
112 0.535807 0.557129 0.123698 0.057617
9 0.858073 0.114746 0.257812 0.127930
3 0.500000 0.229980 1.000000 0.459961