86 0.629395 0.520558 0.067383 0.022026
36 0.877441 0.246696 0.077148 0.176211
36 0.552734 0.309104 0.042969 0.089574
36 0.697266 0.289280 0.056641 0.102790
36 0.138184 0.240822 0.084961 0.179148
36 0.288574 0.272394 0.053711 0.133627
57 0.414062 0.449339 0.035156 0.140969
15 0.260254 0.613803 0.053711 0.055800
10 0.289062 0.230543 0.048828 0.044053
10 0.138184 0.186490 0.083008 0.070485
82 0.356445 0.729075 0.109375 0.471366
29 0.218750 0.695301 0.123047 0.074890
6 0.702637 0.378855 0.149414 0.352423
6 0.274414 0.379589 0.248047 0.395007
6 0.875977 0.403818 0.248047 0.537445
6 0.150879 0.435389 0.301758 0.606461
6 0.570312 0.376652 0.130859 0.256975
4 0.127930 0.450073 0.255859 0.277533
18 0.521484 0.705580 0.501953 0.421439