55 0.227500 0.786667 0.455000 0.423333
49 0.698750 0.789167 0.597500 0.421667
5 0.853750 0.345000 0.285000 0.690000
5 0.375000 0.265833 0.322500 0.531667
1 0.490000 0.746667 0.177500 0.410000
13 0.559375 0.444167 0.061250 0.888333
0 0.870000 0.250833 0.117500 0.275000
20 0.379375 0.680000 0.158750 0.180000
2 0.055625 0.426667 0.111250 0.366667
2 0.193750 0.459167 0.132500 0.268333
2 0.111250 0.429167 0.077500 0.341667
0 0.866250 0.530000 0.122500 0.183333
0 0.965625 0.252500 0.066250 0.268333
20 0.488125 0.612500 0.101250 0.101667
0 0.968125 0.529167 0.061250 0.178333
0 0.800000 0.263333 0.022500 0.283333
9 0.300000 0.531667 0.017500 0.103333
85 0.300000 0.493333 0.017500 0.026667