74 0.500000 0.757333 1.000000 0.234667
19 0.066000 0.370667 0.024000 0.037333
56 0.498000 0.498667 0.996000 0.997333
7 0.505000 0.806667 0.990000 0.381333
10 0.169000 0.482667 0.046000 0.090667
10 0.067000 0.417333 0.074000 0.141333
10 0.425000 0.489333 0.058000 0.082667
10 0.371000 0.349333 0.074000 0.133333
14 0.278000 0.577333 0.032000 0.120000
14 0.227000 0.585333 0.026000 0.109333
63 0.057000 0.725333 0.034000 0.032000
137 0.186000 0.505333 0.308000 0.317333
137 0.848000 0.472000 0.304000 0.298667
137 0.508000 0.448000 0.348000 0.309333
137 0.495000 0.561333 0.206000 0.216000