128 0.831000 0.349010 0.338000 0.173267
53 0.499000 0.371287 0.998000 0.742574
5 0.245000 0.371287 0.490000 0.742574
19 0.659000 0.194307 0.078000 0.116337
19 0.359000 0.185644 0.062000 0.118812
25 0.547000 0.115099 0.030000 0.027228
25 0.426000 0.123762 0.024000 0.029703
36 0.501000 0.179455 0.250000 0.254950
10 0.512000 0.193069 0.372000 0.287129
14 0.328000 0.719059 0.400000 0.433168
14 0.526000 0.751238 0.540000 0.383663
40 0.177000 0.399752 0.354000 0.121287
70 0.479000 0.228960 0.110000 0.081683
30 0.473000 0.153465 0.086000 0.069307
63 0.173000 0.215347 0.346000 0.400990
24 0.299000 0.360149 0.146000 0.512376
24 0.634000 0.889851 0.732000 0.220297
28 0.186000 0.601485 0.372000 0.282178