83 0.621658 0.073000 0.435829 0.142000
83 0.044118 0.310000 0.066845 0.092000
144 0.137701 0.908000 0.275401 0.176000
16 0.421123 0.300000 0.227273 0.212000
15 0.275401 0.573000 0.122995 0.070000
15 0.255348 0.518000 0.098930 0.064000
32 0.147059 0.134000 0.064171 0.016000
32 0.684492 0.696000 0.192513 0.036000
45 0.262032 0.287000 0.122995 0.078000
143 0.117647 0.165000 0.016043 0.014000
1 0.228610 0.522000 0.200535 0.680000
27 0.409091 0.517000 0.368984 0.654000
4 0.441176 0.567000 0.304813 0.398000
66 0.438503 0.774000 0.326203 0.128000
9 0.221925 0.228000 0.058824 0.020000
81 0.439840 0.557000 0.334225 0.402000
23 0.393048 0.510000 0.379679 0.672000
104 0.552139 0.077000 0.024064 0.046000