5 0.498000 0.282143 0.996000 0.559524
33 0.598000 0.533333 0.116000 0.233333
91 0.596000 0.545238 0.080000 0.257143
7 0.500000 0.671429 0.996000 0.647619
42 0.666000 0.430952 0.108000 0.200000
82 0.590000 0.609524 0.072000 0.123810
47 0.887000 0.890476 0.030000 0.028571
119 0.391000 0.892857 0.026000 0.057143
108 0.684000 0.796429 0.160000 0.102381
1 0.672000 0.469048 0.100000 0.376190
29 0.677000 0.558333 0.046000 0.159524
27 0.648000 0.482143 0.180000 0.378571
13 0.301000 0.240476 0.026000 0.361905
112 0.677000 0.630952 0.062000 0.061905
52 0.799000 0.546429 0.094000 0.097619
52 0.377000 0.423810 0.142000 0.247619
3 0.932000 0.530952 0.048000 0.019048
28 0.246000 0.475000 0.236000 0.097619
0 0.594000 0.317857 0.052000 0.073810
23 0.603000 0.529762 0.098000 0.240476