67 0.900000 0.171171 0.128000 0.342342
67 0.641000 0.496997 0.654000 0.819820
56 0.223000 0.710210 0.290000 0.267267
56 0.157000 0.503003 0.254000 0.921922
56 0.497000 0.490991 0.994000 0.981982
11 0.200000 0.638138 0.236000 0.363363
11 0.500000 0.495495 1.000000 0.990991
16 0.569000 0.136637 0.102000 0.147147
61 0.544000 0.339339 0.032000 0.042042
61 0.621000 0.343844 0.046000 0.081081
70 0.594000 0.261261 0.048000 0.036036
4 0.596000 0.399399 0.340000 0.336336
4 0.898000 0.036036 0.112000 0.072072
48 0.919000 0.671171 0.134000 0.135135
48 0.772000 0.837838 0.072000 0.120120
112 0.855000 0.767267 0.222000 0.303303
66 0.655000 0.614114 0.218000 0.249249
59 0.760000 0.696697 0.040000 0.102102
59 0.670000 0.767267 0.028000 0.069069
59 0.690000 0.588589 0.068000 0.210210