5 0.535000 0.326667 0.554000 0.381333
105 0.347000 0.424000 0.302000 0.325333
73 0.550000 0.472000 0.068000 0.042667
20 0.879000 0.477333 0.066000 0.048000
20 0.797000 0.478667 0.094000 0.050667
20 0.954000 0.496000 0.084000 0.096000
37 0.744000 0.124000 0.264000 0.162667
79 0.522000 0.474667 0.032000 0.026667
22 0.898000 0.304000 0.004000 0.005333
40 0.471000 0.665333 0.190000 0.093333
108 0.261000 0.590667 0.126000 0.056000
8 0.456000 0.184000 0.912000 0.346667
60 0.504000 0.733333 0.988000 0.512000
2 0.732000 0.373333 0.168000 0.325333
17 0.956000 0.224000 0.084000 0.448000
0 0.404000 0.328000 0.120000 0.096000
43 0.459000 0.209333 0.046000 0.040000