20 0.429213 0.410920 0.813483 0.425287
20 0.412360 0.399425 0.770787 0.356322
91 0.626966 0.448276 0.085393 0.459770
11 0.500000 0.867816 1.000000 0.264368
11 0.230337 0.623563 0.442697 0.114943
16 0.680899 0.339080 0.076404 0.097701
118 0.803371 0.387931 0.029213 0.057471
118 0.561798 0.415230 0.031461 0.077586
118 0.773034 0.380747 0.040449 0.060345
1 0.512360 0.501437 0.143820 0.474138
62 0.495506 0.380747 0.083146 0.755747
66 0.613483 0.577586 0.053933 0.120690
49 0.503371 0.735632 0.984270 0.155172
76 0.441573 0.510057 0.069663 0.175287
76 0.868539 0.639368 0.087640 0.169540
76 0.153933 0.531609 0.060674 0.114943
35 0.634831 0.616379 0.164045 0.204023
0 0.270787 0.308908 0.074157 0.071839