44 0.319000 0.380000 0.090000 0.125333
44 0.238000 0.262667 0.068000 0.120000
44 0.737000 0.245333 0.066000 0.128000
44 0.190000 0.374667 0.084000 0.125333
44 0.820000 0.334667 0.080000 0.125333
44 0.518000 0.206667 0.068000 0.178667
44 0.665000 0.218667 0.070000 0.128000
44 0.888000 0.390667 0.076000 0.125333
44 0.159000 0.314667 0.078000 0.144000
39 0.785000 0.669333 0.182000 0.176000
39 0.213000 0.617333 0.078000 0.152000
39 0.476000 0.377333 0.092000 0.194667
39 0.469000 0.554667 0.042000 0.053333
24 0.038000 0.497333 0.068000 0.989333
9 0.505000 0.554667 0.874000 0.890667
149 0.529000 0.900000 0.162000 0.200000
28 0.532000 0.960000 0.148000 0.080000