121 0.351000 0.605333 0.114000 0.202667
100 0.595000 0.273333 0.254000 0.210667
100 0.479000 0.609333 0.430000 0.765333
37 0.851000 0.190667 0.134000 0.216000
37 0.473000 0.849333 0.186000 0.152000
37 0.500000 0.218667 1.000000 0.437333
10 0.383000 0.450667 0.050000 0.053333
39 0.849000 0.886667 0.082000 0.120000
39 0.678000 0.754667 0.080000 0.085333
39 0.674000 0.909333 0.064000 0.106667
39 0.244000 0.882667 0.068000 0.058667
39 0.738000 0.712000 0.068000 0.058667
39 0.548000 0.860000 0.064000 0.098667
22 0.745000 0.830667 0.502000 0.333333
8 0.489000 0.301333 0.918000 0.565333
8 0.204000 0.296000 0.396000 0.512000
8 0.481000 0.457333 0.926000 0.866667
8 0.824000 0.325333 0.352000 0.613333
8 0.840000 0.193333 0.280000 0.136000
94 0.822000 0.156000 0.184000 0.194667