37 0.627000 0.199700 0.738000 0.399399
130 0.617000 0.783784 0.110000 0.168168
138 0.755000 0.875375 0.026000 0.045045
138 0.711000 0.858859 0.018000 0.054054
7 0.512000 0.822823 0.872000 0.342342
45 0.736000 0.638138 0.044000 0.051051
10 0.733000 0.653153 0.046000 0.081081
10 0.636000 0.678679 0.040000 0.060060
114 0.369000 0.798799 0.422000 0.402402
42 0.745000 0.776276 0.074000 0.177177
103 0.748000 0.918919 0.056000 0.150150
14 0.406000 0.923423 0.036000 0.153153
14 0.475000 0.902402 0.050000 0.195195
1 0.741000 0.807808 0.082000 0.384384
27 0.985000 0.683183 0.030000 0.063063
27 0.958000 0.819820 0.084000 0.360360
27 0.614000 0.822823 0.116000 0.354354
6 0.661000 0.683183 0.010000 0.033033
6 0.694000 0.686186 0.008000 0.021021
6 0.680000 0.675676 0.008000 0.018018
8 0.628000 0.208709 0.740000 0.417417
72 0.674000 0.454955 0.056000 0.069069
72 0.856000 0.882883 0.124000 0.222222
72 0.298000 0.339339 0.080000 0.114114
41 0.211000 0.813814 0.066000 0.318318
2 0.429000 0.346847 0.162000 0.609610
2 0.306000 0.352853 0.104000 0.543544
2 0.214000 0.313814 0.148000 0.615616
2 0.563000 0.469970 0.126000 0.423423
23 0.616000 0.818318 0.120000 0.351351