38 0.434000 0.808955 0.156000 0.382090
25 0.575000 0.616418 0.030000 0.032836
25 0.550000 0.611940 0.068000 0.047761
25 0.532000 0.613433 0.028000 0.026866
91 0.572000 0.714925 0.484000 0.570149
15 0.443000 0.714925 0.146000 0.343284
10 0.545000 0.607463 0.166000 0.289552
70 0.554000 0.689552 0.068000 0.071642
30 0.547000 0.637313 0.034000 0.050746
4 0.431000 0.904478 0.090000 0.179104
3 0.505000 0.159701 0.974000 0.295522
3 0.500000 0.570149 1.000000 0.602985
23 0.579000 0.734328 0.466000 0.519403