67 0.522000 0.617333 0.148000 0.248000
33 0.884000 0.758667 0.232000 0.392000
33 0.409000 0.909333 0.118000 0.176000
33 0.546000 0.753333 0.124000 0.226667
21 0.844000 0.254667 0.180000 0.333333
21 0.451000 0.285333 0.094000 0.357333
80 0.304000 0.752000 0.048000 0.042667
80 0.263000 0.662667 0.046000 0.034667
91 0.853000 0.649333 0.262000 0.445333
96 0.632000 0.382667 0.028000 0.008000
16 0.048000 0.474667 0.096000 0.122667
1 0.237000 0.520000 0.166000 0.288000
1 0.710000 0.540000 0.236000 0.312000
93 0.537000 0.453333 0.074000 0.090667
34 0.596000 0.480000 0.040000 0.026667
34 0.794000 0.656000 0.064000 0.048000
34 0.264000 0.661333 0.060000 0.042667
18 0.350000 0.774667 0.396000 0.445333
0 0.146000 0.254667 0.292000 0.493333
23 0.107000 0.637333 0.214000 0.448000
23 0.331000 0.472000 0.150000 0.245333