74 0.515000 0.963173 0.150000 0.056657
74 0.637000 0.899433 0.134000 0.133144
56 0.503000 0.917847 0.982000 0.152975
56 0.166000 0.915014 0.180000 0.158640
11 0.135000 0.905099 0.242000 0.093484
15 0.321000 0.347025 0.038000 0.053824
15 0.662000 0.134561 0.056000 0.059490
45 0.542000 0.147309 0.096000 0.073654
10 0.534000 0.161473 0.100000 0.130312
1 0.572000 0.512748 0.552000 0.883853
65 0.481000 0.365439 0.062000 0.067989
29 0.574000 0.682720 0.480000 0.470255
6 0.794000 0.429178 0.080000 0.121813
34 0.492000 0.878187 0.124000 0.090652
148 0.598000 0.940510 0.036000 0.090652
4 0.520000 0.335694 0.260000 0.291785
4 0.884000 0.677054 0.080000 0.062323
4 0.785000 0.449008 0.086000 0.093484
48 0.814000 0.813031 0.060000 0.113314
48 0.363000 0.896601 0.106000 0.110482
59 0.690000 0.662890 0.240000 0.351275
3 0.163000 0.760623 0.198000 0.189802