54 0.398305 0.319000 0.203390 0.050000
83 0.158192 0.263000 0.209040 0.114000
80 0.166667 0.566000 0.225989 0.124000
80 0.305085 0.814000 0.502825 0.328000
57 0.567797 0.384000 0.073446 0.120000
57 0.409605 0.428000 0.067797 0.108000
57 0.292373 0.432000 0.076271 0.116000
57 0.615819 0.367000 0.062147 0.090000
96 0.456215 0.390000 0.059322 0.132000
15 0.439266 0.307000 0.093220 0.054000
10 0.877119 0.072000 0.149718 0.124000
10 0.792373 0.195000 0.245763 0.134000
10 0.161017 0.140000 0.096045 0.092000
10 0.474576 0.129000 0.096045 0.094000
1 0.509887 0.205000 0.290960 0.242000
1 0.166667 0.219000 0.305085 0.246000
34 0.680791 0.457000 0.214689 0.042000
34 0.292373 0.519000 0.217514 0.094000
34 0.600282 0.601000 0.341808 0.110000
34 0.306497 0.808000 0.612994 0.344000
18 0.432203 0.651000 0.858757 0.690000
23 0.817797 0.478000 0.353107 0.724000