54 0.611000 0.732733 0.354000 0.222222
5 0.767000 0.312312 0.114000 0.360360
5 0.929000 0.513514 0.138000 0.972973
25 0.527000 0.309309 0.026000 0.018018
25 0.240000 0.375375 0.028000 0.024024
25 0.471000 0.333333 0.018000 0.018018
25 0.294000 0.366366 0.020000 0.018018
15 0.401000 0.818318 0.190000 0.189189
15 0.680000 0.641141 0.192000 0.117117
15 0.310000 0.693694 0.076000 0.150150
10 0.527000 0.283784 0.186000 0.387387
10 0.195000 0.336336 0.230000 0.408408
1 0.684000 0.539039 0.628000 0.915916
70 0.256000 0.462462 0.056000 0.048048
70 0.518000 0.406907 0.064000 0.039039
30 0.505000 0.343844 0.046000 0.093093
30 0.274000 0.403904 0.044000 0.069069
0 0.707000 0.501502 0.582000 0.996997
23 0.246000 0.564565 0.492000 0.864865