53 0.498403 0.243000 0.977636 0.434000
106 0.535144 0.681000 0.923323 0.522000
19 0.808307 0.592000 0.051118 0.032000
26 0.498403 0.213000 0.996805 0.354000
11 0.346645 0.543000 0.488818 0.206000
7 0.503195 0.685000 0.987220 0.618000
10 0.814696 0.558000 0.223642 0.084000
14 0.837061 0.773000 0.268371 0.094000
70 0.884984 0.568000 0.083067 0.084000
78 0.797125 0.615000 0.182109 0.070000
30 0.891374 0.544000 0.051118 0.032000
120 0.052716 0.252000 0.105431 0.200000
46 0.805112 0.594000 0.057508 0.032000
41 0.290735 0.694000 0.070288 0.048000