5 0.468750 0.071000 0.922500 0.138000
130 0.326250 0.839000 0.652500 0.314000
74 0.500000 0.605000 0.980000 0.770000
19 0.480000 0.684000 0.050000 0.060000
25 0.582500 0.407000 0.040000 0.022000
56 0.500000 0.562000 0.990000 0.860000
138 0.392500 0.370000 0.190000 0.188000
15 0.385000 0.400000 0.140000 0.120000
10 0.431250 0.633000 0.312500 0.210000
10 0.532500 0.389000 0.230000 0.178000
10 0.616250 0.656000 0.227500 0.216000
107 0.493750 0.076000 0.987500 0.144000
42 0.303750 0.554000 0.462500 0.260000
61 0.350000 0.652000 0.050000 0.032000
1 0.318750 0.762000 0.632500 0.468000
1 0.727500 0.769000 0.445000 0.458000
70 0.573750 0.450000 0.052500 0.028000
30 0.587500 0.424000 0.025000 0.020000
4 0.732500 0.190000 0.070000 0.064000
0 0.867500 0.065000 0.125000 0.066000