105 0.180000 0.611111 0.212000 0.393393
105 0.623000 0.481982 0.754000 0.711712
130 0.886000 0.716216 0.084000 0.195195
96 0.865000 0.596096 0.022000 0.015015
45 0.541000 0.533033 0.042000 0.033033
1 0.534000 0.713213 0.084000 0.387387
1 0.836000 0.749249 0.064000 0.381381
29 0.548000 0.783784 0.056000 0.192192
62 0.661000 0.654655 0.014000 0.468468
4 0.831000 0.674174 0.050000 0.153153
49 0.499000 0.849850 0.994000 0.288288
9 0.664000 0.361862 0.080000 0.123123
23 0.897000 0.768769 0.118000 0.402402