68 0.633634 0.841000 0.054054 0.090000
97 0.758258 0.195000 0.375375 0.250000
130 0.711712 0.756000 0.162162 0.128000
26 0.495495 0.497000 0.504505 0.162000
42 0.702703 0.756000 0.150150 0.132000
103 0.693694 0.869000 0.078078 0.106000
40 0.492492 0.557000 0.978979 0.146000
40 0.055556 0.705000 0.111111 0.290000
120 0.076577 0.349000 0.051051 0.034000
55 0.490991 0.742000 0.981982 0.512000
51 0.087087 0.094000 0.174174 0.096000
2 0.518018 0.440000 0.123123 0.092000
3 0.463964 0.491000 0.471471 0.190000
0 0.545045 0.266000 0.075075 0.060000
0 0.286787 0.262000 0.081081 0.068000
23 0.708709 0.795000 0.162162 0.274000