5 0.458667 0.501000 0.693333 0.674000
5 0.888000 0.616000 0.224000 0.360000
37 0.424000 0.111000 0.560000 0.182000
21 0.401333 0.711000 0.056000 0.086000
21 0.913333 0.703000 0.173333 0.166000
16 0.825333 0.740000 0.024000 0.016000
10 0.824000 0.744000 0.021333 0.020000
118 0.532000 0.817000 0.018667 0.018000
1 0.837333 0.748000 0.048000 0.032000
75 0.464000 0.775000 0.026667 0.030000
13 0.133333 0.769000 0.016000 0.114000
9 0.940000 0.612000 0.098667 0.024000
9 0.124000 0.707000 0.018667 0.018000
59 0.850667 0.859000 0.298667 0.058000
76 0.290667 0.852000 0.048000 0.052000
125 0.846667 0.853000 0.306667 0.182000
35 0.437333 0.872000 0.053333 0.056000
0 0.529333 0.696000 0.157333 0.136000
0 0.454667 0.770000 0.082667 0.060000