123 0.373563 0.440000 0.235632 0.152000
123 0.843391 0.692000 0.313218 0.240000
31 0.498563 0.831000 0.997126 0.330000
102 0.925287 0.447000 0.143678 0.342000
14 0.520115 0.753000 0.045977 0.102000
108 0.334770 0.916000 0.267241 0.160000
71 0.639368 0.214000 0.112069 0.152000
93 0.568966 0.481000 0.195402 0.122000
93 0.591954 0.477000 0.264368 0.122000
34 0.364943 0.347000 0.109195 0.074000
90 0.364943 0.459000 0.218391 0.026000
3 0.063218 0.408000 0.040230 0.100000
3 0.314655 0.136000 0.112069 0.128000
3 0.474138 0.183000 0.109195 0.098000
3 0.614943 0.365000 0.028736 0.094000
3 0.035920 0.510000 0.031609 0.092000
3 0.929598 0.048000 0.129310 0.068000
3 0.373563 0.184000 0.034483 0.180000
3 0.206897 0.479000 0.080460 0.046000