68 0.126000 0.954955 0.084000 0.048048
37 0.329000 0.741742 0.654000 0.504505
130 0.342000 0.947447 0.052000 0.069069
127 0.294000 0.855856 0.044000 0.108108
127 0.332000 0.875375 0.040000 0.099099
127 0.386000 0.912913 0.036000 0.090090
127 0.249000 0.822823 0.058000 0.108108
127 0.221000 0.777778 0.054000 0.102102
11 0.201000 0.878378 0.398000 0.231231
7 0.222000 0.848348 0.436000 0.291291
7 0.223000 0.953453 0.110000 0.075075
113 0.782000 0.537538 0.076000 0.084084
113 0.679000 0.300300 0.238000 0.330330
113 0.777000 0.175676 0.098000 0.141141
113 0.936000 0.915916 0.120000 0.156156
113 0.472000 0.590090 0.016000 0.021021
113 0.768000 0.205706 0.080000 0.135135
113 0.776000 0.196697 0.128000 0.153153
113 0.324000 0.144144 0.068000 0.048048
113 0.951000 0.921922 0.086000 0.114114
113 0.797000 0.533033 0.058000 0.105105
113 0.406000 0.594595 0.024000 0.096096
113 0.930000 0.885886 0.136000 0.180180
113 0.471000 0.591592 0.030000 0.054054
113 0.316000 0.147147 0.024000 0.066066
113 0.802000 0.210210 0.128000 0.174174
113 0.471000 0.593093 0.018000 0.021021
113 0.412000 0.552553 0.060000 0.078078
113 0.782000 0.530030 0.048000 0.081081
113 0.530000 0.361862 0.068000 0.105105
113 0.688000 0.247748 0.244000 0.411411
113 0.397000 0.567568 0.042000 0.096096
113 0.746000 0.192192 0.120000 0.186186
113 0.759000 0.180180 0.066000 0.126126
113 0.670000 0.319820 0.244000 0.345345
113 0.788000 0.543544 0.044000 0.078078
113 0.788000 0.533033 0.044000 0.081081
113 0.773000 0.318318 0.446000 0.342342
113 0.762000 0.192192 0.044000 0.072072
113 0.728000 0.220721 0.160000 0.201201
113 0.762000 0.201201 0.048000 0.096096
113 0.766000 0.189189 0.060000 0.090090
113 0.957000 0.909910 0.082000 0.156156
113 0.689000 0.265766 0.222000 0.255255
113 0.316000 0.142643 0.032000 0.057057
113 0.764000 0.190691 0.056000 0.081081
113 0.529000 0.770270 0.010000 0.051051
113 0.317000 0.159159 0.030000 0.078078
113 0.468000 0.292793 0.024000 0.075075
113 0.531000 0.360360 0.030000 0.066066
113 0.758000 0.195195 0.068000 0.096096
113 0.314000 0.145646 0.080000 0.075075
113 0.940000 0.899399 0.080000 0.081081
1 0.338000 0.936937 0.044000 0.120120
1 0.115000 0.833333 0.146000 0.321321
1 0.115000 0.830330 0.142000 0.297297
27 0.219000 0.816817 0.434000 0.354354
6 0.113000 0.837838 0.138000 0.294294
6 0.114000 0.837838 0.100000 0.294294
8 0.868000 0.082583 0.236000 0.135135
8 0.499000 0.504505 0.974000 0.978979
8 0.694000 0.906907 0.144000 0.060060
41 0.659000 0.336336 0.174000 0.294294