53 0.507000 0.223724 0.890000 0.351351
77 0.498000 0.510511 0.700000 0.204204
126 0.319000 0.280781 0.322000 0.075075
126 0.495000 0.150150 0.986000 0.300300
74 0.865000 0.318318 0.202000 0.036036
74 0.404000 0.331832 0.068000 0.027027
11 0.491000 0.358859 0.938000 0.057057
22 0.830000 0.046547 0.276000 0.093093
13 0.064000 0.354354 0.008000 0.096096
13 0.971000 0.258258 0.006000 0.078078
13 0.279000 0.247748 0.030000 0.171171
13 0.064000 0.352853 0.024000 0.117117
98 0.451000 0.782282 0.614000 0.417417
59 0.461000 0.534535 0.554000 0.078078
17 0.758000 0.135135 0.392000 0.270270
28 0.496000 0.675676 0.944000 0.546547
0 0.491000 0.447447 0.162000 0.066066