121 0.450000 0.497199 0.288000 0.434174
121 0.257000 0.457983 0.238000 0.378151
126 0.219000 0.742297 0.438000 0.509804
25 0.538000 0.299720 0.012000 0.011204
64 0.512000 0.691877 0.056000 0.039216
64 0.475000 0.675070 0.030000 0.016807
11 0.216000 0.743697 0.432000 0.512605
10 0.546000 0.312325 0.096000 0.064426
22 0.883000 0.697479 0.170000 0.184874
14 0.473000 0.620448 0.018000 0.070028
14 0.493000 0.626050 0.014000 0.081232
63 0.615000 0.822129 0.682000 0.350140
28 0.501000 0.134454 0.998000 0.268908
135 0.455000 0.511204 0.174000 0.131653