20 0.230539 0.207000 0.461078 0.310000
20 0.500000 0.667000 1.000000 0.666000
106 0.338323 0.352000 0.676647 0.664000
25 0.294910 0.156000 0.038922 0.020000
25 0.750000 0.233000 0.050898 0.018000
25 0.125749 0.140000 0.041916 0.012000
25 0.850299 0.230000 0.041916 0.020000
36 0.766467 0.268000 0.239521 0.128000
44 0.808383 0.539000 0.143713 0.106000
91 0.732036 0.405000 0.541916 0.730000
45 0.212575 0.107000 0.425150 0.162000
92 0.724551 0.237000 0.538922 0.402000
70 0.803892 0.317000 0.086826 0.026000
70 0.196108 0.207000 0.104790 0.070000
30 0.212575 0.157000 0.053892 0.030000
59 0.556886 0.865000 0.832335 0.266000
59 0.829341 0.641000 0.311377 0.198000
17 0.491018 0.027000 0.970060 0.054000