27 0.606000 0.726866 0.008000 0.020896
27 0.793000 0.752239 0.010000 0.041791
27 0.992000 0.777612 0.016000 0.062687
6 0.946000 0.765672 0.012000 0.056716
6 0.233000 0.782090 0.030000 0.137313
6 0.549000 0.805970 0.042000 0.161194
6 0.165000 0.846269 0.106000 0.301493
6 0.463000 0.734328 0.022000 0.059701
6 0.034000 0.759701 0.040000 0.182090
6 0.966000 0.771642 0.016000 0.062687
6 0.626000 0.741791 0.012000 0.050746
6 0.332000 0.737313 0.016000 0.065672
148 0.406000 0.808955 0.128000 0.083582
148 0.933000 0.953731 0.114000 0.074627
148 0.646000 0.941791 0.172000 0.086567
148 0.369000 0.931343 0.178000 0.083582
148 0.905000 0.916418 0.170000 0.083582