105 0.369000 0.460000 0.738000 0.888000
21 0.264000 0.532000 0.080000 0.648000
21 0.158000 0.513333 0.076000 0.616000
10 0.077000 0.496000 0.050000 0.074667
118 0.357000 0.729333 0.050000 0.061333
12 0.453000 0.493333 0.134000 0.053333
12 0.390000 0.869333 0.040000 0.058667
12 0.676000 0.106667 0.024000 0.021333
12 0.373000 0.068000 0.030000 0.029333
12 0.389000 0.866667 0.050000 0.069333
85 0.389000 0.768000 0.054000 0.048000
61 0.594000 0.637333 0.056000 0.053333
75 0.307000 0.252000 0.102000 0.258667
65 0.382000 0.633333 0.076000 0.061333
6 0.425000 0.373333 0.094000 0.181333
6 0.039000 0.546667 0.078000 0.176000
34 0.598000 0.794667 0.068000 0.064000
51 0.468000 0.082667 0.480000 0.117333
4 0.419000 0.365333 0.074000 0.122667
9 0.455000 0.493333 0.126000 0.069333
9 0.535000 0.265333 0.062000 0.061333
9 0.968000 0.357333 0.064000 0.133333
59 0.535000 0.557333 0.402000 0.138667
59 0.574000 0.664000 0.248000 0.112000
59 0.569000 0.622667 0.278000 0.125333
0 0.541000 0.374667 0.366000 0.312000
104 0.454000 0.497333 0.132000 0.061333