19 0.555000 0.061000 0.018000 0.014000
19 0.475000 0.056000 0.014000 0.028000
19 0.243000 0.030000 0.022000 0.020000
19 0.370000 0.060000 0.024000 0.024000
19 0.946000 0.129000 0.028000 0.050000
57 0.617000 0.354000 0.074000 0.104000
57 0.620000 0.352000 0.064000 0.104000
57 0.684000 0.236000 0.044000 0.084000
96 0.572000 0.072000 0.060000 0.036000
16 0.909000 0.127000 0.162000 0.150000
15 0.814000 0.370000 0.120000 0.092000
15 0.835000 0.392000 0.158000 0.128000
32 0.438000 0.372000 0.096000 0.056000
1 0.898000 0.256000 0.164000 0.464000
1 0.259000 0.151000 0.202000 0.254000
1 0.603000 0.116000 0.086000 0.148000
1 0.123000 0.222000 0.206000 0.404000
1 0.439000 0.150000 0.222000 0.260000
1 0.568000 0.115000 0.092000 0.166000
1 0.579000 0.116000 0.110000 0.172000
30 0.317000 0.039000 0.010000 0.030000
27 0.258000 0.148000 0.212000 0.256000
27 0.575000 0.117000 0.110000 0.186000
27 0.448000 0.152000 0.232000 0.264000
27 0.502000 0.121000 0.144000 0.194000
27 0.125000 0.224000 0.210000 0.404000
6 0.885000 0.393000 0.222000 0.210000
132 0.712000 0.732000 0.376000 0.476000
132 0.367000 0.327000 0.310000 0.118000
132 0.584000 0.223000 0.180000 0.066000
132 0.253000 0.759000 0.474000 0.422000
34 0.681000 0.456000 0.214000 0.072000
34 0.742000 0.751000 0.464000 0.446000
18 0.424000 0.338000 0.832000 0.308000