19 0.429000 0.295181 0.050000 0.060241
19 0.312000 0.272590 0.044000 0.105422
25 0.315000 0.442771 0.046000 0.072289
36 0.353000 0.489458 0.214000 0.539157
114 0.244000 0.582831 0.416000 0.834337
82 0.251000 0.810241 0.062000 0.361446
63 0.358000 0.978916 0.036000 0.030120
63 0.063000 0.912651 0.126000 0.156627
63 0.399000 0.974398 0.066000 0.039157
63 0.958000 0.956325 0.080000 0.075301
63 0.472000 0.890060 0.332000 0.201807
51 0.288000 0.150602 0.576000 0.120482
148 0.693000 0.518072 0.394000 0.427711
8 0.499000 0.224398 0.998000 0.442771