5 0.021000 0.603604 0.042000 0.084084
58 0.370000 0.162162 0.740000 0.324324
99 0.773000 0.584084 0.014000 0.177177
11 0.500000 0.764264 1.000000 0.267267
22 0.868000 0.222222 0.264000 0.222222
40 0.224000 0.834835 0.220000 0.306306
55 0.501000 0.827327 0.994000 0.333333
8 0.497000 0.285285 0.994000 0.570571
59 0.705000 0.582583 0.026000 0.090090
133 0.341000 0.825826 0.490000 0.348348
133 0.909000 0.737237 0.182000 0.063063
94 0.564000 0.599099 0.640000 0.279279
2 0.496000 0.466967 0.192000 0.189189
2 0.840000 0.373874 0.320000 0.531532