38 0.352000 0.446000 0.136000 0.056000
38 0.548000 0.159000 0.136000 0.138000
38 0.458000 0.829000 0.116000 0.046000
38 0.210000 0.133000 0.132000 0.062000
53 0.500000 0.439000 1.000000 0.210000
53 0.500000 0.733000 1.000000 0.146000
115 0.486000 0.311000 0.228000 0.050000
115 0.426000 0.934000 0.316000 0.044000
5 0.864000 0.321000 0.120000 0.026000
26 0.768000 0.814000 0.448000 0.044000
26 0.496000 0.576000 0.992000 0.080000
11 0.904000 0.604000 0.168000 0.024000
7 0.836000 0.911000 0.312000 0.074000
10 0.382000 0.086000 0.108000 0.072000
85 0.078000 0.390000 0.108000 0.024000
1 0.350000 0.842000 0.324000 0.188000
1 0.962000 0.828000 0.036000 0.060000
1 0.388000 0.197000 0.592000 0.294000
1 0.496000 0.532000 0.432000 0.280000
24 0.748000 0.956000 0.496000 0.032000
24 0.222000 0.971000 0.444000 0.022000
4 0.386000 0.137000 0.292000 0.118000
112 0.418000 0.308000 0.076000 0.040000
8 0.500000 0.150000 1.000000 0.300000
17 0.694000 0.329000 0.204000 0.014000
3 0.032000 0.786000 0.064000 0.080000