67 0.572000 0.376877 0.020000 0.069069
5 0.528000 0.354354 0.944000 0.474474
105 0.709000 0.414414 0.270000 0.534535
105 0.401000 0.444444 0.194000 0.384384
20 0.899000 0.593093 0.202000 0.321321
10 0.246000 0.460961 0.028000 0.051051
82 0.259000 0.651652 0.114000 0.144144
119 0.399000 0.420420 0.158000 0.054054
108 0.809000 0.944444 0.110000 0.111111
108 0.720000 0.789790 0.084000 0.090090
1 0.495000 0.528529 0.050000 0.234234
1 0.097000 0.564565 0.066000 0.288288
1 0.247000 0.587087 0.094000 0.297297
29 0.093000 0.624625 0.050000 0.150150
27 0.284000 0.582583 0.096000 0.294294
55 0.589000 0.842342 0.098000 0.249249
24 0.059000 0.897898 0.118000 0.048048
48 0.314000 0.716216 0.032000 0.021021
8 0.950000 0.042042 0.084000 0.072072
2 0.694000 0.060060 0.404000 0.120120
35 0.818000 0.659159 0.036000 0.111111
35 0.871000 0.696697 0.046000 0.120120