26 0.500000 0.110778 0.992000 0.209581
16 0.308000 0.607784 0.140000 0.179641
10 0.589000 0.242515 0.186000 0.341317
14 0.581000 0.739521 0.074000 0.365269
14 0.500000 0.763473 0.036000 0.299401
14 0.360000 0.643713 0.100000 0.568862
14 0.473000 0.658683 0.166000 0.556886
82 0.484000 0.769461 0.280000 0.299401
108 0.415000 0.380240 0.010000 0.017964
108 0.391000 0.455090 0.010000 0.023952
108 0.399000 0.420659 0.010000 0.014970
108 0.406000 0.396707 0.012000 0.008982
108 0.392000 0.437126 0.008000 0.017964
30 0.647000 0.386228 0.050000 0.053892
141 0.489000 0.456587 0.166000 0.194611
41 0.364000 0.508982 0.256000 0.389222
2 0.155000 0.408683 0.154000 0.793413
2 0.184000 0.100299 0.356000 0.188623
137 0.471000 0.492515 0.442000 0.841317