129 0.378000 0.875375 0.028000 0.147147
129 0.564000 0.972973 0.104000 0.054054
83 0.345000 0.753754 0.098000 0.066066
33 0.829000 0.878378 0.330000 0.225225
21 0.287000 0.899399 0.102000 0.195195
31 0.445000 0.975976 0.282000 0.048048
93 0.806000 0.923423 0.316000 0.153153
90 0.485000 0.777778 0.154000 0.330330
90 0.475000 0.211712 0.118000 0.033033
90 0.282000 0.827327 0.280000 0.339339
90 0.501000 0.427928 0.078000 0.045045
18 0.791000 0.848348 0.054000 0.027027
3 0.836000 0.234234 0.320000 0.456456
3 0.391000 0.061562 0.170000 0.093093
3 0.625000 0.223724 0.086000 0.447447
3 0.531000 0.058559 0.102000 0.117117