11 0.939000 0.540419 0.122000 0.068862
7 0.500000 0.500000 1.000000 1.000000
47 0.211000 0.235030 0.098000 0.026946
47 0.212000 0.281437 0.120000 0.029940
12 0.754000 0.658683 0.016000 0.023952
12 0.865000 0.624251 0.014000 0.020958
40 0.879000 0.230539 0.238000 0.023952
40 0.877000 0.823353 0.246000 0.035928
69 0.928000 0.534431 0.132000 0.080838
55 0.499000 0.497006 0.998000 0.994012
24 0.293000 0.844311 0.586000 0.167665
76 0.746000 0.764970 0.108000 0.104790
76 0.612000 0.758982 0.132000 0.200599
125 0.441000 0.529940 0.874000 0.736527
125 0.445000 0.505988 0.886000 0.688623