67 0.849333 0.671000 0.146667 0.370000
106 0.960000 0.616000 0.080000 0.188000
91 0.608000 0.715000 0.112000 0.294000
11 0.966667 0.802000 0.066667 0.076000
16 0.445333 0.370000 0.288000 0.124000
15 0.796000 0.626000 0.045333 0.024000
45 0.624000 0.371000 0.101333 0.050000
10 0.312000 0.705000 0.277333 0.270000
10 0.632000 0.381000 0.080000 0.070000
114 0.306667 0.474000 0.613333 0.376000
12 0.808000 0.044000 0.064000 0.084000
29 0.622667 0.785000 0.088000 0.134000
29 0.852000 0.767000 0.130667 0.166000
6 0.585333 0.564000 0.194667 0.440000
62 0.782667 0.500000 0.034667 0.100000
4 0.865333 0.629000 0.109333 0.138000
4 0.613333 0.681000 0.101333 0.106000
2 0.864000 0.300000 0.272000 0.212000