38 0.143000 0.743243 0.118000 0.189189
53 0.497000 0.210210 0.982000 0.408408
33 0.287000 0.908408 0.574000 0.177177
19 0.357000 0.492492 0.050000 0.096096
25 0.309000 0.564565 0.018000 0.036036
36 0.259000 0.569069 0.210000 0.219219
10 0.257000 0.543544 0.250000 0.264264
22 0.331000 0.069069 0.082000 0.096096
14 0.161000 0.863363 0.118000 0.147147
70 0.250000 0.632132 0.060000 0.039039
30 0.252000 0.590090 0.040000 0.045045
18 0.057000 0.906907 0.114000 0.180180
81 0.261000 0.444444 0.118000 0.054054
81 0.469000 0.899399 0.046000 0.015015
17 0.845000 0.406907 0.310000 0.813814
84 0.945000 0.722222 0.074000 0.117117
0 0.499000 0.498498 0.998000 0.990991