38 0.492000 0.628743 0.048000 0.119760
38 0.884000 0.552395 0.052000 0.134731
128 0.472000 0.733533 0.136000 0.473054
83 0.290000 0.537425 0.180000 0.152695
33 0.239000 0.823353 0.186000 0.335329
89 0.271000 0.670659 0.254000 0.119760
19 0.911000 0.459581 0.014000 0.020958
19 0.458000 0.535928 0.008000 0.023952
25 0.887000 0.455090 0.014000 0.011976
10 0.908000 0.447605 0.060000 0.080838
14 0.893000 0.767964 0.070000 0.188623
1 0.924000 0.634731 0.128000 0.443114
90 0.538000 0.585329 0.100000 0.098802
4 0.920000 0.588323 0.120000 0.206587
9 0.079000 0.437126 0.114000 0.341317
9 0.706000 0.399701 0.116000 0.302395
9 0.392000 0.089820 0.612000 0.173653
9 0.849000 0.080838 0.138000 0.161677
3 0.722000 0.528443 0.200000 0.733533