53 0.500000 0.405689 1.000000 0.482036
26 0.500000 0.100299 0.924000 0.176647
15 0.509000 0.494012 0.034000 0.041916
47 0.509000 0.411677 0.078000 0.170659
47 0.344000 0.414671 0.080000 0.194611
47 0.426000 0.410180 0.080000 0.173653
47 0.652000 0.368263 0.068000 0.239521
47 0.703000 0.396707 0.070000 0.182635
1 0.584000 0.570359 0.176000 0.553892
29 0.595000 0.711078 0.162000 0.242515
4 0.602000 0.471557 0.108000 0.248503
81 0.140000 0.977545 0.256000 0.044910
3 0.140000 0.473054 0.148000 0.299401