5 0.807000 0.526667 0.314000 0.413333
5 0.820000 0.644000 0.308000 0.509333
5 0.951000 0.558667 0.098000 0.573333
5 0.078000 0.508000 0.156000 0.696000
5 0.276000 0.686667 0.248000 0.221333
105 0.266000 0.774667 0.104000 0.098667
20 0.334000 0.797333 0.036000 0.053333
47 0.452000 0.265333 0.028000 0.056000
47 0.534000 0.340000 0.028000 0.056000
47 0.526000 0.265333 0.028000 0.056000
47 0.561000 0.341333 0.026000 0.058667
47 0.584000 0.261333 0.028000 0.058667
119 0.503000 0.342667 0.026000 0.056000
12 0.634000 0.094667 0.124000 0.189333
12 0.271000 0.802667 0.018000 0.021333
12 0.259000 0.517333 0.014000 0.021333
12 0.397000 0.126667 0.194000 0.253333
12 0.044000 0.772000 0.024000 0.029333
12 0.221000 0.804000 0.014000 0.018667
85 0.331000 0.800000 0.014000 0.010667
85 0.394000 0.785333 0.004000 0.008000
13 0.632000 0.638667 0.036000 0.728000
9 0.522000 0.381333 0.204000 0.330667
9 0.762000 0.473333 0.052000 0.050667
8 0.126000 0.086667 0.244000 0.162667
60 0.238000 0.856000 0.468000 0.266667
0 0.080000 0.366667 0.016000 0.077333
0 0.079000 0.488000 0.018000 0.085333