67 0.380000 0.584000 0.296000 0.832000
67 0.694000 0.704000 0.336000 0.592000
67 0.126000 0.630667 0.236000 0.738667
99 0.940000 0.552000 0.040000 0.106667
25 0.747000 0.521333 0.022000 0.013333
25 0.701000 0.520000 0.014000 0.016000
36 0.160000 0.352000 0.080000 0.133333
91 0.608000 0.541333 0.240000 0.917333
16 0.163000 0.308000 0.110000 0.093333
15 0.177000 0.532000 0.050000 0.077333
15 0.259000 0.520000 0.058000 0.069333
15 0.517000 0.677333 0.054000 0.085333
61 0.181000 0.870667 0.038000 0.034667
61 0.359000 0.584000 0.046000 0.069333
30 0.557000 0.214667 0.022000 0.040000
71 0.348000 0.128000 0.052000 0.090667
71 0.496000 0.114667 0.068000 0.074667
71 0.650000 0.194667 0.040000 0.112000
71 0.422000 0.085333 0.124000 0.154667
90 0.732000 0.282667 0.196000 0.042667
90 0.421000 0.182667 0.214000 0.061333
4 0.615000 0.550667 0.230000 0.498667
4 0.726000 0.809333 0.268000 0.381333
4 0.397000 0.632000 0.274000 0.549333
3 0.477000 0.402667 0.954000 0.805333
0 0.972000 0.324000 0.056000 0.488000
0 0.185000 0.297333 0.174000 0.301333