126 0.499000 0.372372 0.998000 0.744745
101 0.736000 0.220721 0.064000 0.081081
26 0.500000 0.463964 0.996000 0.561562
26 0.496000 0.445946 0.944000 0.501502
56 0.499000 0.857357 0.998000 0.285285
79 0.501000 0.869369 0.994000 0.261261
11 0.498000 0.872372 0.980000 0.249249
10 0.696000 0.300300 0.052000 0.108108
10 0.740000 0.226727 0.072000 0.099099
1 0.364000 0.564565 0.100000 0.468468
1 0.755000 0.560060 0.102000 0.591592
4 0.365000 0.456456 0.118000 0.216216
4 0.139000 0.462462 0.126000 0.210210
4 0.793000 0.441441 0.126000 0.330330
112 0.642000 0.894895 0.092000 0.078078
66 0.130000 0.615616 0.096000 0.144144
66 0.782000 0.653153 0.168000 0.147147
8 0.050000 0.057057 0.076000 0.090090
59 0.809000 0.477477 0.038000 0.072072
2 0.414000 0.316817 0.156000 0.531532
17 0.128000 0.100601 0.160000 0.195195