74 0.499000 0.709581 0.994000 0.209581
19 0.228000 0.423653 0.076000 0.134731
110 0.187000 0.440120 0.154000 0.209581
110 0.241000 0.547904 0.254000 0.425150
110 0.659000 0.607784 0.274000 0.365269
110 0.554000 0.582335 0.200000 0.356287
7 0.500000 0.766467 0.996000 0.455090
120 0.053000 0.839820 0.106000 0.296407
2 0.204000 0.270958 0.368000 0.332335
2 0.417000 0.432635 0.170000 0.278443
84 0.133000 0.604790 0.042000 0.299401
84 0.561000 0.561377 0.078000 0.074850
84 0.530000 0.556886 0.100000 0.077844