38 0.537000 0.382768 0.166000 0.093220
38 0.487000 0.405367 0.094000 0.149718
33 0.356000 0.127119 0.224000 0.248588
139 0.552000 0.905367 0.020000 0.036723
26 0.503000 0.187853 0.994000 0.370056
16 0.567000 0.269774 0.062000 0.081921
142 0.436000 0.358757 0.056000 0.112994
10 0.562000 0.295198 0.068000 0.121469
42 0.410000 0.120056 0.124000 0.228814
82 0.539000 0.735876 0.130000 0.330508
61 0.575000 0.975989 0.030000 0.036723
1 0.521000 0.615819 0.234000 0.762712
70 0.542000 0.333333 0.016000 0.016949
30 0.544000 0.307910 0.016000 0.028249
29 0.265000 0.128531 0.190000 0.251412
6 0.249000 0.138418 0.234000 0.276836
4 0.543000 0.453390 0.170000 0.251412
112 0.593000 0.960452 0.086000 0.079096
112 0.491000 0.895480 0.090000 0.124294
66 0.556000 0.622881 0.124000 0.211864