56 0.500000 0.636637 0.996000 0.720721
16 0.567000 0.414414 0.042000 0.072072
103 0.368000 0.427928 0.040000 0.111111
1 0.908000 0.331832 0.028000 0.093093
1 0.379000 0.399399 0.066000 0.198198
27 0.506000 0.596096 0.320000 0.591592
34 0.616000 0.439940 0.132000 0.225225
4 0.380000 0.361862 0.052000 0.075075
112 0.633000 0.864865 0.066000 0.048048
66 0.609000 0.635135 0.094000 0.153153
59 0.641000 0.629129 0.022000 0.093093
141 0.579000 0.522523 0.018000 0.024024
141 0.612000 0.629129 0.028000 0.093093
17 0.527000 0.163664 0.126000 0.321321
17 0.032000 0.189189 0.064000 0.246246
17 0.920000 0.142643 0.160000 0.285285
17 0.608000 0.160661 0.092000 0.315315