121 0.432000 0.642667 0.008000 0.005333
121 0.452000 0.642667 0.004000 0.005333
121 0.479000 0.638667 0.010000 0.008000
58 0.516000 0.114667 0.328000 0.149333
58 0.054000 0.041333 0.108000 0.077333
58 0.637000 0.020000 0.162000 0.040000
58 0.917000 0.085333 0.166000 0.096000
58 0.036000 0.277333 0.072000 0.096000
37 0.926000 0.337333 0.132000 0.093333
25 0.613000 0.512000 0.022000 0.010667
36 0.584000 0.537333 0.100000 0.184000
16 0.509000 0.522667 0.066000 0.160000
16 0.646000 0.494667 0.032000 0.072000
16 0.570000 0.482667 0.180000 0.234667
22 0.729000 0.533333 0.070000 0.080000
1 0.574000 0.678667 0.384000 0.632000
78 0.582000 0.630667 0.084000 0.045333
30 0.589000 0.538667 0.030000 0.037333
4 0.586000 0.684000 0.096000 0.146667
4 0.587000 0.729333 0.114000 0.226667
8 0.770000 0.054667 0.460000 0.109333
72 0.793000 0.368000 0.078000 0.032000
72 0.548000 0.334667 0.092000 0.034667
72 0.374000 0.312000 0.048000 0.032000
2 0.742000 0.517333 0.192000 0.826667
2 0.925000 0.501333 0.046000 0.165333
2 0.425000 0.521333 0.030000 0.109333
2 0.017000 0.518667 0.034000 0.130667
2 0.865000 0.729333 0.270000 0.536000
2 0.176000 0.496000 0.352000 0.992000
2 0.842000 0.489333 0.020000 0.093333
2 0.345000 0.538667 0.022000 0.085333
2 0.885000 0.460000 0.066000 0.125333
2 0.369000 0.532000 0.022000 0.088000
17 0.842000 0.488000 0.020000 0.096000
17 0.343000 0.536000 0.018000 0.085333
28 0.372000 0.656000 0.100000 0.064000