20 0.518000 0.341867 0.052000 0.027108
26 0.501000 0.346386 1.002000 0.096386
56 0.499000 0.626506 0.998000 0.746988
56 0.499000 0.658133 0.998000 0.683735
11 0.500000 0.615964 1.000000 0.731928
7 0.499000 0.621988 0.998000 0.731928
45 0.120000 0.575301 0.048000 0.048193
107 0.875000 0.246988 0.122000 0.036145
113 0.485000 0.542169 0.102000 0.042169
113 0.611000 0.426205 0.062000 0.063253
40 0.405000 0.298193 0.730000 0.018072
1 0.030000 0.661145 0.060000 0.274096
29 0.127000 0.790663 0.066000 0.195783
27 0.044000 0.427711 0.016000 0.048193
6 0.123000 0.716867 0.074000 0.337349
13 0.701000 0.236446 0.006000 0.219880
55 0.395000 0.323795 0.042000 0.015060
4 0.422000 0.444277 0.008000 0.015060
8 0.487000 0.126506 0.962000 0.253012
41 0.905000 0.591867 0.190000 0.039157
2 0.041000 0.242470 0.058000 0.117470
2 0.488000 0.239458 0.084000 0.165663
2 0.566000 0.246988 0.072000 0.138554
2 0.102000 0.257530 0.060000 0.075301
17 0.278000 0.271084 0.084000 0.162651
17 0.256000 0.316265 0.048000 0.048193
23 0.421000 0.450301 0.014000 0.045181