68 0.524000 0.704204 0.072000 0.069069
54 0.607000 0.647147 0.018000 0.087087
54 0.673000 0.659159 0.026000 0.087087
54 0.655000 0.624625 0.018000 0.084084
64 0.767000 0.746246 0.022000 0.045045
91 0.680000 0.597598 0.204000 0.348348
91 0.538000 0.554054 0.184000 0.363363
91 0.227000 0.650150 0.202000 0.333333
16 0.182000 0.552553 0.076000 0.102102
16 0.658000 0.474474 0.068000 0.090090
10 0.647000 0.474474 0.046000 0.084084
12 0.334000 0.785285 0.136000 0.099099
93 0.728000 0.566066 0.100000 0.135135
93 0.174000 0.734234 0.080000 0.195195
93 0.208000 0.573574 0.148000 0.180180
93 0.794000 0.597598 0.076000 0.174174
93 0.447000 0.582583 0.106000 0.138138
93 0.325000 0.582583 0.150000 0.126126
93 0.857000 0.626126 0.122000 0.273273
98 0.477000 0.393393 0.726000 0.060060
18 0.633000 0.699700 0.146000 0.138138
3 0.486000 0.357357 0.964000 0.108108
43 0.432000 0.348348 0.864000 0.132132
23 0.536000 0.552553 0.196000 0.360360
23 0.240000 0.654655 0.216000 0.342342
23 0.694000 0.605105 0.180000 0.321321