53 0.500000 0.498000 1.000000 0.996000
101 0.469789 0.087000 0.160121 0.094000
139 0.897281 0.579000 0.205438 0.170000
36 0.481873 0.164000 0.160121 0.084000
64 0.382175 0.727000 0.196375 0.106000
138 0.519637 0.330000 0.084592 0.064000
15 0.518127 0.333000 0.093656 0.074000
45 0.472810 0.085000 0.172205 0.090000
10 0.477341 0.125000 0.163142 0.166000
42 0.454683 0.253000 0.583082 0.258000
14 0.406344 0.524000 0.305136 0.336000
14 0.827795 0.530000 0.338369 0.300000
108 0.803625 0.842000 0.302115 0.308000
1 0.581571 0.407000 0.830816 0.738000
30 0.460725 0.167000 0.039275 0.034000
65 0.984894 0.122000 0.036254 0.076000
65 0.533233 0.238000 0.250755 0.060000
13 0.921450 0.209000 0.030211 0.318000
4 0.468278 0.254000 0.598187 0.264000
9 0.959215 0.106000 0.081571 0.132000
72 0.500000 0.747000 1.000000 0.510000