96 0.525000 0.397898 0.058000 0.039039
7 0.501000 0.713213 0.994000 0.573574
10 0.530000 0.378378 0.072000 0.126126
92 0.530000 0.370871 0.072000 0.111111
146 0.499000 0.548048 0.998000 0.267267
70 0.527000 0.421922 0.014000 0.009009
111 0.537000 0.525526 0.070000 0.120120
27 0.856000 0.567568 0.076000 0.084084
27 0.193000 0.617117 0.386000 0.129129
13 0.966000 0.554054 0.024000 0.405405
13 0.895000 0.563063 0.030000 0.405405
62 0.609000 0.690691 0.058000 0.216216
62 0.243000 0.644144 0.106000 0.399399
9 0.536000 0.533033 0.068000 0.099099
8 0.501000 0.255255 0.994000 0.504505
72 0.499000 0.711712 0.998000 0.564565
133 0.502000 0.881381 0.988000 0.231231
133 0.020000 0.740240 0.040000 0.105105
2 0.350000 0.782282 0.036000 0.075075
2 0.928000 0.551051 0.052000 0.093093
17 0.056000 0.612613 0.112000 0.138138