19 0.069000 0.301333 0.022000 0.042667
36 0.046000 0.385333 0.056000 0.157333
11 0.501000 0.684000 0.990000 0.626667
114 0.268000 0.508000 0.496000 0.456000
114 0.696000 0.617333 0.260000 0.610667
14 0.245000 0.626667 0.074000 0.224000
30 0.026000 0.438667 0.012000 0.040000
13 0.388000 0.284000 0.008000 0.098667
24 0.840000 0.868000 0.320000 0.264000
24 0.273000 0.833333 0.546000 0.322667
8 0.499000 0.188000 0.994000 0.370667
59 0.602000 0.669333 0.020000 0.117333
41 0.457000 0.544000 0.066000 0.133333
2 0.069000 0.268000 0.130000 0.157333