129 0.920000 0.722667 0.024000 0.085333
129 0.766000 0.580000 0.036000 0.114667
129 0.815000 0.572000 0.030000 0.130667
129 0.735000 0.572000 0.030000 0.141333
129 0.818000 0.576000 0.024000 0.117333
129 0.769000 0.696000 0.018000 0.117333
129 0.742000 0.268000 0.040000 0.125333
129 0.845000 0.582667 0.022000 0.093333
129 0.836000 0.449333 0.024000 0.082667
129 0.841000 0.286667 0.014000 0.098667
129 0.844000 0.572000 0.020000 0.125333
129 0.740000 0.261333 0.020000 0.128000
129 0.735000 0.565333 0.038000 0.154667
129 0.790000 0.257333 0.020000 0.130667
31 0.682000 0.870667 0.512000 0.248000
102 0.585000 0.414667 0.090000 0.738667
93 0.131000 0.420000 0.190000 0.173333
93 0.341000 0.428000 0.234000 0.178667
3 0.499000 0.370667 0.998000 0.736000