68 0.655000 0.742667 0.206000 0.168000
68 0.322000 0.441333 0.152000 0.205333
83 0.520000 0.452000 0.140000 0.152000
83 0.075000 0.372000 0.102000 0.280000
5 0.902000 0.130667 0.184000 0.261333
20 0.503000 0.492000 0.902000 0.978667
20 0.865000 0.316000 0.150000 0.125333
127 0.892000 0.080000 0.020000 0.074667
11 0.186000 0.372000 0.040000 0.045333
92 0.409000 0.464000 0.106000 0.149333
40 0.086000 0.918667 0.144000 0.152000
55 0.850000 0.645333 0.284000 0.693333
49 0.070000 0.750667 0.140000 0.504000
9 0.877000 0.196000 0.054000 0.066667
60 0.837000 0.620000 0.322000 0.749333
84 0.542000 0.568000 0.620000 0.554667