77 0.287000 0.752994 0.322000 0.254491
77 0.587000 0.579341 0.066000 0.056886
77 0.847000 0.799401 0.310000 0.401198
77 0.804000 0.582335 0.036000 0.038922
5 0.085000 0.299401 0.170000 0.514970
20 0.495000 0.502994 0.034000 0.029940
20 0.552000 0.497006 0.016000 0.017964
20 0.939000 0.576347 0.102000 0.086826
20 0.855000 0.537425 0.046000 0.050898
20 0.293000 0.537425 0.078000 0.038922
58 0.569000 0.245509 0.202000 0.299401
127 0.085000 0.773952 0.042000 0.050898
44 0.034000 0.583832 0.016000 0.017964
44 0.065000 0.544910 0.006000 0.005988
44 0.015000 0.497006 0.014000 0.011976
44 0.024000 0.535928 0.008000 0.005988
44 0.049000 0.519461 0.006000 0.008982
42 0.210000 0.752994 0.028000 0.068862
22 0.375000 0.350299 0.110000 0.131737
22 0.081000 0.597305 0.054000 0.068862
119 0.370000 0.750000 0.068000 0.056886
119 0.785000 0.892216 0.066000 0.089820
1 0.372000 0.694611 0.032000 0.071856
1 0.210000 0.751497 0.032000 0.095808
1 0.306000 0.732036 0.044000 0.086826
1 0.404000 0.676647 0.028000 0.065868
1 0.339000 0.717066 0.038000 0.074850
27 0.287000 0.736527 0.050000 0.083832
27 0.321000 0.705090 0.026000 0.062874
27 0.363000 0.688623 0.022000 0.059880
4 0.374000 0.690120 0.028000 0.038922
4 0.346000 0.708084 0.028000 0.038922
17 0.346000 0.315868 0.200000 0.470060
28 0.542000 0.738024 0.168000 0.206587
0 0.136000 0.399701 0.024000 0.062874
0 0.070000 0.299401 0.048000 0.077844