5 0.831000 0.502667 0.334000 0.440000
20 0.371000 0.716000 0.594000 0.306667
20 0.085000 0.654667 0.170000 0.221333
20 0.106000 0.566667 0.212000 0.130667
110 0.490000 0.493333 0.160000 0.330667
7 0.311000 0.880000 0.622000 0.245333
22 0.664000 0.253333 0.084000 0.096000
22 0.857000 0.201333 0.070000 0.061333
22 0.157000 0.357333 0.030000 0.021333
22 0.861000 0.324000 0.030000 0.029333
22 0.124000 0.408000 0.020000 0.026667
22 0.663000 0.318667 0.030000 0.040000
22 0.199000 0.378667 0.014000 0.026667
22 0.643000 0.306667 0.030000 0.010667
22 0.677000 0.172000 0.022000 0.045333
22 0.258000 0.222667 0.040000 0.013333
22 0.468000 0.149333 0.044000 0.005333
1 0.497000 0.318667 0.074000 0.077333
75 0.821000 0.793333 0.046000 0.061333
75 0.703000 0.924000 0.054000 0.056000
6 0.429000 0.633333 0.026000 0.066667
55 0.673000 0.713333 0.242000 0.221333
24 0.380000 0.920000 0.180000 0.133333
9 0.638000 0.509333 0.056000 0.170667
8 0.501000 0.256000 0.990000 0.512000
76 0.311000 0.812000 0.090000 0.125333
2 0.604000 0.217333 0.264000 0.434667
2 0.752000 0.672000 0.028000 0.058667
3 0.777000 0.513333 0.206000 0.312000