54 0.170000 0.432000 0.020000 0.053333
123 0.208000 0.660000 0.412000 0.354667
89 0.200000 0.872000 0.400000 0.250667
89 0.328000 0.457333 0.252000 0.082667
31 0.435000 0.896000 0.362000 0.202667
32 0.494000 0.854667 0.156000 0.125333
32 0.136000 0.653333 0.016000 0.064000
143 0.518000 0.568000 0.020000 0.032000
143 0.426000 0.532000 0.016000 0.024000
143 0.540000 0.578667 0.020000 0.037333
143 0.443000 0.538667 0.018000 0.026667
143 0.477000 0.550667 0.018000 0.029333
124 0.119000 0.497333 0.238000 0.072000
145 0.081000 0.830667 0.162000 0.125333
0 0.486000 0.712000 0.112000 0.186667