5 0.408000 0.360360 0.760000 0.510511
21 0.527000 0.567568 0.038000 0.162162
11 0.499000 0.828829 0.986000 0.342342
102 0.610000 0.030030 0.020000 0.024024
6 0.621000 0.543544 0.014000 0.024024
13 0.608000 0.243243 0.028000 0.444444
62 0.602000 0.291291 0.008000 0.360360
131 0.806000 0.902402 0.384000 0.171171
51 0.261000 0.352853 0.470000 0.129129
51 0.590000 0.210210 0.400000 0.216216
9 0.642000 0.432432 0.092000 0.030030
8 0.500000 0.196697 0.992000 0.381381
59 0.709000 0.582583 0.330000 0.042042
18 0.264000 0.349850 0.468000 0.129129
50 0.258000 0.349850 0.468000 0.117117
133 0.467000 0.681682 0.934000 0.060060
94 0.674000 0.566066 0.520000 0.207207
2 0.425000 0.244745 0.070000 0.105105
2 0.160000 0.162162 0.224000 0.288288
0 0.640000 0.352853 0.024000 0.087087
0 0.714000 0.355856 0.024000 0.081081
0 0.565000 0.346847 0.026000 0.087087
43 0.640000 0.232733 0.036000 0.045045