54 0.120000 0.507530 0.132000 0.430723
83 0.924000 0.621988 0.148000 0.725904
140 0.131000 0.843373 0.262000 0.301205
140 0.290000 0.927711 0.180000 0.132530
15 0.319000 0.831325 0.638000 0.331325
69 0.940000 0.466867 0.024000 0.084337
69 0.143000 0.947289 0.062000 0.063253
69 0.573000 0.411145 0.098000 0.099398
69 0.565000 0.787651 0.038000 0.075301
69 0.494000 0.427711 0.056000 0.060241
69 0.145000 0.921687 0.070000 0.072289
69 0.860000 0.911145 0.060000 0.141566
69 0.519000 0.706325 0.066000 0.147590
132 0.520000 0.751506 0.512000 0.484940
34 0.584000 0.611446 0.176000 0.168675
18 0.803000 0.899096 0.118000 0.207831