67 0.407754 0.444000 0.157754 0.240000
147 0.963904 0.070000 0.008021 0.016000
7 0.497326 0.539000 0.994652 0.914000
10 0.413102 0.350000 0.029412 0.032000
92 0.409091 0.342000 0.042781 0.036000
146 0.500000 0.542000 1.000000 0.908000
29 0.411765 0.502000 0.090909 0.104000
72 0.500000 0.536000 1.000000 0.912000
133 0.784759 0.311000 0.168449 0.282000
133 0.540107 0.581000 0.224599 0.186000
2 0.173797 0.159000 0.128342 0.314000
2 0.713904 0.086000 0.219251 0.148000
2 0.473262 0.118000 0.181818 0.212000
2 0.827540 0.151000 0.114973 0.078000
2 0.501337 0.324000 0.061497 0.072000
2 0.220588 0.146000 0.403743 0.292000
2 0.588235 0.278000 0.069519 0.068000