54 0.457000 0.717718 0.054000 0.072072
56 0.500000 0.659159 1.000000 0.681682
44 0.167000 0.951952 0.038000 0.060060
79 0.427000 0.963964 0.110000 0.072072
79 0.935000 0.935435 0.126000 0.123123
79 0.175000 0.701201 0.134000 0.111111
79 0.049000 0.908408 0.098000 0.171171
79 0.570000 0.941441 0.112000 0.111111
79 0.693000 0.938438 0.086000 0.123123
11 0.862000 0.659159 0.212000 0.321321
15 0.461000 0.737237 0.022000 0.045045
1 0.504000 0.761261 0.108000 0.393393
1 0.630000 0.693694 0.096000 0.402402
2 0.111000 0.307808 0.022000 0.243243
52 0.482000 0.546547 0.180000 0.096096
52 0.601000 0.477477 0.170000 0.072072
28 0.455000 0.717718 0.054000 0.072072