128 0.769000 0.332000 0.198000 0.098667
115 0.404000 0.614667 0.320000 0.285333
106 0.398000 0.578667 0.240000 0.218667
19 0.425000 0.510667 0.034000 0.045333
19 0.482000 0.488000 0.036000 0.037333
11 0.648000 0.185333 0.704000 0.072000
16 0.613000 0.340000 0.106000 0.077333
15 0.537000 0.717333 0.038000 0.064000
6 0.733000 0.208000 0.014000 0.016000
63 0.080000 0.377333 0.084000 0.056000
148 0.859000 0.202667 0.126000 0.016000
59 0.755000 0.438667 0.046000 0.040000
59 0.294000 0.556000 0.096000 0.114667
59 0.807000 0.409333 0.058000 0.040000
41 0.306000 0.601333 0.052000 0.061333
50 0.081000 0.378667 0.078000 0.064000
28 0.499000 0.616000 0.998000 0.768000
23 0.721000 0.516000 0.410000 0.472000