74 0.407473 0.849000 0.807829 0.070000
19 0.345196 0.100000 0.085409 0.028000
19 0.197509 0.074000 0.088968 0.040000
117 0.418149 0.316000 0.551601 0.456000
117 0.384342 0.488000 0.526690 0.904000
117 0.562278 0.569000 0.861210 0.830000
11 0.731317 0.769000 0.245552 0.026000
11 0.620996 0.931000 0.743772 0.134000
7 0.500000 0.835000 1.000000 0.334000
16 0.909253 0.814000 0.060498 0.204000
10 0.247331 0.102000 0.281139 0.128000
46 0.775801 0.606000 0.056940 0.036000
46 0.384342 0.422000 0.071174 0.040000
46 0.409253 0.475000 0.056940 0.022000
46 0.364769 0.496000 0.046263 0.056000
46 0.526690 0.481000 0.042705 0.022000
46 0.366548 0.500000 0.049822 0.048000
46 0.489324 0.460000 0.067616 0.036000
46 0.332740 0.376000 0.053381 0.076000
46 0.507117 0.551000 0.032028 0.018000
46 0.893238 0.596000 0.014235 0.012000
41 0.594306 0.723000 0.128114 0.382000