38 0.554000 0.487988 0.160000 0.195195
33 0.138000 0.618619 0.208000 0.234234
32 0.687000 0.286787 0.066000 0.111111
45 0.406000 0.292793 0.076000 0.075075
82 0.685000 0.789790 0.242000 0.402402
1 0.306000 0.067568 0.080000 0.075075
1 0.903000 0.253754 0.106000 0.231231
65 0.877000 0.611111 0.050000 0.123123
29 0.307000 0.650150 0.130000 0.297297
4 0.583000 0.510511 0.218000 0.300300
4 0.914000 0.280781 0.076000 0.117117
4 0.330000 0.418919 0.140000 0.183183
3 0.462000 0.454955 0.920000 0.717718