33 0.214000 0.708000 0.052000 0.034667
33 0.877000 0.710667 0.154000 0.248000
33 0.153000 0.702667 0.062000 0.045333
127 0.355000 0.426667 0.034000 0.176000
27 0.161000 0.657333 0.022000 0.040000
27 0.230000 0.664000 0.016000 0.042667
27 0.220000 0.661333 0.016000 0.048000
6 0.475000 0.920000 0.478000 0.154667
6 0.214000 0.690667 0.016000 0.016000
6 0.142000 0.677333 0.016000 0.021333
13 0.336000 0.530667 0.024000 0.384000
148 0.313000 0.824000 0.506000 0.245333
8 0.477000 0.337333 0.918000 0.573333
81 0.756000 0.741333 0.388000 0.096000
17 0.814000 0.400000 0.308000 0.453333
52 0.052000 0.368000 0.104000 0.133333
52 0.343000 0.565333 0.142000 0.085333
52 0.340000 0.569333 0.132000 0.077333
52 0.622000 0.542667 0.140000 0.082667
52 0.342000 0.565333 0.140000 0.074667
52 0.338000 0.574667 0.124000 0.093333
52 0.051000 0.358667 0.102000 0.120000
52 0.732000 0.470667 0.400000 0.722667
52 0.549000 0.578667 0.066000 0.042667
28 0.204000 0.673333 0.264000 0.029333