38 0.357333 0.275000 0.144000 0.186000
33 0.790667 0.829000 0.413333 0.338000
139 0.204000 0.882000 0.024000 0.020000
140 0.604000 0.089000 0.040000 0.050000
31 0.441333 0.808000 0.877333 0.380000
64 0.213333 0.885000 0.101333 0.074000
91 0.416000 0.512000 0.506667 0.972000
96 0.426667 0.116000 0.128000 0.032000
16 0.410667 0.079000 0.154667 0.102000
103 0.370667 0.725000 0.304000 0.546000
65 0.568000 0.639000 0.032000 0.022000
65 0.621333 0.465000 0.037333 0.018000
4 0.424000 0.344000 0.314667 0.312000