83 0.928000 0.795181 0.144000 0.409639
97 0.968000 0.805723 0.064000 0.382530
127 0.343000 0.507530 0.170000 0.310241
127 0.476000 0.337349 0.528000 0.668675
22 0.681000 0.871988 0.074000 0.111446
22 0.823000 0.890060 0.078000 0.099398
47 0.507000 0.533133 0.030000 0.048193
108 0.195000 0.188253 0.386000 0.376506
13 0.432000 0.501506 0.112000 0.996988
13 0.262000 0.861446 0.244000 0.114458
9 0.470000 0.308735 0.544000 0.611446
9 0.343000 0.503012 0.174000 0.301205
9 0.607000 0.472892 0.294000 0.216867
9 0.437000 0.843373 0.106000 0.301205
9 0.672000 0.468373 0.032000 0.051205
9 0.638000 0.480422 0.028000 0.051205
8 0.497000 0.350904 0.974000 0.701807
2 0.673000 0.756024 0.406000 0.493976