130 0.068792 0.852000 0.030201 0.032000
7 0.250000 0.886000 0.500000 0.224000
146 0.030201 0.794000 0.046980 0.048000
146 0.681208 0.660000 0.583893 0.428000
42 0.654362 0.186000 0.114094 0.052000
1 0.307047 0.840000 0.036913 0.036000
29 0.719799 0.201000 0.097315 0.066000
6 0.065436 0.857000 0.063758 0.062000
13 0.437919 0.806000 0.036913 0.200000
9 0.320470 0.869000 0.157718 0.054000
8 0.491611 0.489000 0.969799 0.866000
72 0.498322 0.679000 0.996644 0.630000
2 0.031879 0.724000 0.063758 0.104000
23 0.063758 0.860000 0.053691 0.068000