31 0.605000 0.830667 0.678000 0.338667
122 0.350000 0.266667 0.612000 0.533333
107 0.498000 0.500000 0.996000 1.000000
1 0.247000 0.564000 0.170000 0.584000
90 0.701000 0.570667 0.142000 0.277333
4 0.246000 0.448000 0.164000 0.240000
18 0.389000 0.569333 0.186000 0.146667
18 0.505000 0.712000 0.210000 0.165333
2 0.124000 0.396000 0.092000 0.205333
3 0.819000 0.310667 0.338000 0.621333
0 0.118000 0.282667 0.108000 0.437333
0 0.277000 0.300000 0.114000 0.381333
0 0.422000 0.300000 0.104000 0.365333
0 0.574000 0.312000 0.104000 0.373333