54 0.409000 0.460630 0.054000 0.028871
64 0.598000 0.805774 0.108000 0.083990
64 0.386000 0.816273 0.128000 0.089239
15 0.543000 0.628609 0.070000 0.076115
10 0.582000 0.313648 0.152000 0.238845
61 0.828000 0.713911 0.120000 0.115486
1 0.428000 0.212598 0.104000 0.393701
70 0.572000 0.383202 0.040000 0.031496
29 0.544000 0.709974 0.376000 0.181102
27 0.328000 0.206037 0.656000 0.406824
27 0.674000 0.309711 0.612000 0.078740
6 0.288000 0.233596 0.060000 0.299213
6 0.570000 0.224409 0.128000 0.391076
6 0.162000 0.249344 0.072000 0.257218
6 0.072000 0.320210 0.072000 0.136483
148 0.500000 0.643045 0.956000 0.629921
4 0.580000 0.562992 0.320000 0.322835
4 0.067000 0.272966 0.054000 0.041995
112 0.824000 0.484252 0.128000 0.070866
66 0.058000 0.291339 0.056000 0.041995