123 0.791000 0.865333 0.330000 0.269333
136 0.182000 0.050667 0.084000 0.101333
97 0.328000 0.444000 0.048000 0.093333
89 0.316000 0.801333 0.100000 0.237333
89 0.253000 0.752000 0.226000 0.240000
96 0.738000 0.405333 0.028000 0.069333
96 0.753000 0.404000 0.022000 0.066667
96 0.771000 0.402667 0.026000 0.069333
102 0.129000 0.176000 0.070000 0.341333
120 0.373000 0.612000 0.046000 0.072000
90 0.819000 0.445333 0.222000 0.032000
90 0.818000 0.564000 0.224000 0.045333
124 0.479000 0.709333 0.234000 0.053333
3 0.848000 0.198667 0.236000 0.269333
3 0.229000 0.348000 0.094000 0.274667
0 0.660000 0.540000 0.076000 0.157333