53 0.498000 0.148000 0.996000 0.296000
74 0.888000 0.849333 0.220000 0.290667
147 0.569000 0.244000 0.014000 0.013333
117 0.678000 0.516000 0.272000 0.642667
117 0.486000 0.550667 0.356000 0.429333
11 0.137000 0.720000 0.266000 0.373333
11 0.958000 0.574667 0.076000 0.093333
7 0.498000 0.834667 0.992000 0.330667
10 0.633000 0.396000 0.062000 0.120000
10 0.573000 0.241333 0.062000 0.168000
22 0.775000 0.112000 0.142000 0.128000
14 0.635000 0.578667 0.054000 0.309333
14 0.764000 0.693333 0.088000 0.304000
14 0.677000 0.660000 0.098000 0.285333
78 0.649000 0.262667 0.078000 0.098667
78 0.541000 0.418667 0.122000 0.133333
8 0.055000 0.036000 0.102000 0.066667
41 0.762000 0.560000 0.052000 0.224000
2 0.244000 0.173333 0.308000 0.346667
2 0.439000 0.217333 0.230000 0.306667
17 0.582000 0.186667 0.352000 0.368000
84 0.212000 0.285333 0.032000 0.352000