38 0.691000 0.557487 0.246000 0.227273
83 0.405000 0.542781 0.050000 0.112299
33 0.600000 0.820856 0.232000 0.358289
15 0.604000 0.612299 0.072000 0.058824
103 0.886000 0.796791 0.216000 0.406417
14 0.871000 0.791444 0.250000 0.417112
1 0.548000 0.564171 0.216000 0.497326
1 0.785000 0.679144 0.430000 0.641711
1 0.181000 0.643048 0.282000 0.713904
71 0.021000 0.221925 0.042000 0.197861
34 0.512000 0.668449 0.120000 0.058824
34 0.512000 0.735294 0.120000 0.053476
4 0.857000 0.482620 0.286000 0.237968
18 0.393000 0.741979 0.466000 0.296791
3 0.411000 0.395722 0.570000 0.294118
3 0.812000 0.302139 0.240000 0.176471