105 0.397000 0.387048 0.662000 0.647590
7 0.583000 0.893072 0.250000 0.189759
10 0.405000 0.406627 0.054000 0.078313
108 0.202000 0.807229 0.284000 0.198795
1 0.612000 0.612952 0.128000 0.388554
49 0.108000 0.865964 0.216000 0.268072
60 0.500000 0.838855 1.000000 0.322289
2 0.057000 0.283133 0.114000 0.566265
2 0.798000 0.268072 0.404000 0.536145
3 0.922000 0.442771 0.056000 0.078313
3 0.958000 0.472892 0.080000 0.060241
0 0.335000 0.317771 0.038000 0.274096
0 0.563000 0.271084 0.286000 0.168675
0 0.248000 0.326807 0.060000 0.225904
0 0.296000 0.317771 0.040000 0.250000
0 0.194000 0.338855 0.052000 0.195783
0 0.157000 0.347892 0.034000 0.171687
0 0.088000 0.359940 0.024000 0.129518
0 0.153000 0.347892 0.038000 0.183735