95 0.589333 0.557000 0.090667 0.038000
5 0.070667 0.759000 0.141333 0.098000
5 0.458667 0.468000 0.581333 0.808000
5 0.846667 0.733000 0.242667 0.186000
73 0.214667 0.777000 0.173333 0.218000
20 0.932000 0.896000 0.136000 0.140000
97 0.517333 0.345000 0.122667 0.094000
127 0.448000 0.024000 0.042667 0.048000
7 0.502667 0.872000 0.994667 0.072000
40 0.472000 0.966000 0.922667 0.024000
13 0.490667 0.023000 0.042667 0.042000
55 0.482667 0.960000 0.960000 0.072000
51 0.842667 0.673000 0.234667 0.034000
24 0.173333 0.884000 0.149333 0.032000
49 0.442667 0.883000 0.832000 0.050000
8 0.801333 0.260000 0.328000 0.488000
8 0.498667 0.367000 0.997333 0.734000
2 0.894667 0.731000 0.205333 0.254000
0 0.801333 0.769000 0.034667 0.054000