87 0.399160 0.305000 0.019608 0.014000
87 0.403361 0.397000 0.016807 0.014000
87 0.400560 0.337000 0.016807 0.018000
33 0.924370 0.753000 0.134454 0.486000
36 0.387955 0.146000 0.103641 0.092000
16 0.386555 0.096000 0.117647 0.076000
142 0.217087 0.524000 0.075630 0.040000
10 0.389356 0.129000 0.128852 0.146000
42 0.390756 0.366000 0.411765 0.344000
102 0.914566 0.305000 0.170868 0.438000
61 0.901961 0.930000 0.106443 0.076000
78 0.393557 0.206000 0.086835 0.044000
3 0.495798 0.449000 0.991597 0.890000
0 0.371148 0.302000 0.394958 0.344000