5 0.698000 0.373333 0.604000 0.576000
20 0.209000 0.576000 0.106000 0.096000
21 0.604000 0.490667 0.028000 0.202667
114 0.294000 0.592000 0.068000 0.133333
85 0.148000 0.326667 0.020000 0.029333
40 0.699000 0.512000 0.126000 0.042667
108 0.510000 0.093333 0.260000 0.106667
108 0.845000 0.825333 0.242000 0.120000
62 0.385000 0.402667 0.042000 0.378667
55 0.564000 0.856000 0.428000 0.218667
8 0.432000 0.093333 0.376000 0.154667
133 0.549000 0.809333 0.254000 0.168000
3 0.911000 0.492000 0.110000 0.317333
3 0.373000 0.405333 0.062000 0.128000
3 0.138000 0.432000 0.036000 0.480000
3 0.686000 0.438667 0.148000 0.328000
3 0.604000 0.456000 0.104000 0.309333
28 0.200000 0.848000 0.064000 0.245333
0 0.610000 0.488000 0.060000 0.202667
0 0.317000 0.457333 0.034000 0.136000