128 0.679641 0.500000 0.035928 0.084000
5 0.103293 0.104000 0.206587 0.076000
74 0.607784 0.784000 0.257485 0.404000
11 0.886228 0.578000 0.227545 0.840000
11 0.646707 0.797000 0.131737 0.374000
7 0.592814 0.798000 0.131737 0.392000
118 0.233533 0.563000 0.029940 0.038000
118 0.372754 0.565000 0.038922 0.038000
13 0.676647 0.542000 0.011976 0.136000
131 0.407186 0.595000 0.784431 0.786000
51 0.052395 0.102000 0.098802 0.036000
9 0.729042 0.732000 0.068862 0.076000
9 0.679641 0.500000 0.035928 0.084000
2 0.070359 0.115000 0.122754 0.126000
17 0.925150 0.095000 0.143713 0.190000
43 0.625749 0.364000 0.281437 0.312000