53 0.503856 0.499000 0.992288 0.998000
58 0.867609 0.189000 0.249357 0.126000
58 0.502571 0.719000 0.125964 0.094000
58 0.127249 0.687000 0.244216 0.138000
58 0.250643 0.911000 0.187661 0.094000
58 0.161954 0.154000 0.293059 0.140000
19 0.278920 0.242000 0.115681 0.104000
19 0.673522 0.207000 0.143959 0.106000
36 0.483290 0.284000 0.375321 0.196000
10 0.484576 0.265000 0.526992 0.234000
30 0.475578 0.267000 0.025707 0.014000
13 0.929306 0.645000 0.141388 0.682000
13 0.091260 0.680000 0.141388 0.632000
66 0.496144 0.619000 0.431877 0.102000
8 0.500000 0.499000 0.989717 0.994000
59 0.491003 0.556000 0.365039 0.060000
59 0.484576 0.494000 0.300771 0.056000
59 0.479434 0.431000 0.264781 0.054000
141 0.497429 0.462000 0.300771 0.056000
81 0.494859 0.486000 0.383033 0.200000
2 0.739075 0.923000 0.228792 0.142000