5 0.498599 0.329000 0.997199 0.658000
130 0.459384 0.476000 0.308123 0.400000
21 0.495798 0.332000 0.330532 0.536000
26 0.929972 0.676000 0.134454 0.636000
96 0.453782 0.236000 0.100840 0.032000
14 0.425770 0.787000 0.112045 0.242000
14 0.509804 0.789000 0.084034 0.246000
1 0.456583 0.581000 0.308123 0.826000
29 0.462185 0.792000 0.184874 0.252000
120 0.753501 0.482000 0.285714 0.212000
120 0.886555 0.340000 0.159664 0.076000
4 0.453782 0.339000 0.100840 0.114000
48 0.526611 0.951000 0.072829 0.090000
48 0.421569 0.951000 0.098039 0.078000
52 0.473389 0.789000 0.061625 0.386000
0 0.512605 0.258000 0.224090 0.260000