83 0.374000 0.479452 0.080000 0.116438
21 0.885000 0.479452 0.106000 0.958904
31 0.729000 0.929795 0.138000 0.071918
31 0.674000 0.893836 0.052000 0.041096
75 0.716000 0.272260 0.112000 0.250000
65 0.779000 0.938356 0.014000 0.027397
65 0.794000 0.940068 0.012000 0.023973
65 0.811000 0.940068 0.014000 0.017123
65 0.799000 0.934932 0.014000 0.020548
65 0.785000 0.938356 0.010000 0.027397
90 0.370000 0.270548 0.160000 0.027397
90 0.365000 0.761986 0.150000 0.119863
90 0.388000 0.922945 0.096000 0.065068
90 0.367000 0.523973 0.154000 0.041096
124 0.728000 0.724315 0.168000 0.366438
145 0.390000 0.722603 0.084000 0.102740
3 0.476000 0.436644 0.124000 0.859589
3 0.202000 0.570205 0.280000 0.791096
3 0.716000 0.438356 0.184000 0.863014