105 0.499000 0.513333 0.998000 0.936000
130 0.165000 0.522667 0.222000 0.320000
25 0.350000 0.714667 0.100000 0.090667
36 0.173000 0.324000 0.046000 0.093333
140 0.221000 0.713333 0.014000 0.029333
140 0.160000 0.610667 0.240000 0.768000
15 0.232000 0.700000 0.052000 0.056000
10 0.179000 0.305333 0.094000 0.141333
103 0.168000 0.830667 0.188000 0.317333
14 0.196000 0.848000 0.072000 0.293333
119 0.709000 0.680000 0.554000 0.149333
1 0.160000 0.616000 0.224000 0.768000
30 0.166000 0.326667 0.012000 0.029333
109 0.714000 0.472000 0.064000 0.106667
109 0.578000 0.468000 0.068000 0.120000
109 0.864000 0.472000 0.052000 0.096000
109 0.766000 0.460000 0.064000 0.082667
109 0.629000 0.473333 0.074000 0.109333
109 0.491000 0.465333 0.098000 0.104000
8 0.788000 0.078667 0.416000 0.157333
17 0.380000 0.377333 0.112000 0.104000
0 0.746000 0.402667 0.128000 0.245333
0 0.849000 0.420000 0.122000 0.221333
0 0.949000 0.424000 0.090000 0.213333
0 0.411000 0.386667 0.198000 0.309333
0 0.586000 0.398667 0.164000 0.264000