38 0.312000 0.423423 0.048000 0.054054
25 0.445000 0.524024 0.062000 0.039039
25 0.602000 0.509009 0.068000 0.039039
140 0.236000 0.765766 0.044000 0.114114
140 0.263000 0.804805 0.050000 0.138138
140 0.295000 0.806306 0.050000 0.129129
64 0.244000 0.594595 0.084000 0.096096
64 0.147000 0.576577 0.082000 0.084084
16 0.549000 0.270270 0.406000 0.534535
15 0.836000 0.809309 0.188000 0.255255
15 0.301000 0.767267 0.174000 0.213213
32 0.924000 0.849850 0.068000 0.072072
10 0.553000 0.493994 0.430000 0.699700
30 0.210000 0.331832 0.036000 0.045045
59 0.907000 0.842342 0.030000 0.057057
3 0.185000 0.087087 0.362000 0.174174