68 0.618667 0.579000 0.144000 0.162000
68 0.806667 0.663000 0.205333 0.190000
115 0.326667 0.474000 0.418667 0.240000
5 0.501333 0.442000 0.997333 0.880000
31 0.501333 0.886000 0.997333 0.224000
44 0.368000 0.725000 0.021333 0.014000
44 0.230667 0.683000 0.018667 0.014000
44 0.314667 0.806000 0.021333 0.016000
45 0.852000 0.483000 0.082667 0.058000
45 0.662667 0.471000 0.077333 0.062000
42 0.846667 0.629000 0.274667 0.242000
29 0.618667 0.769000 0.165333 0.214000
29 0.850667 0.857000 0.170667 0.234000
111 0.017333 0.400000 0.034667 0.080000
111 0.837333 0.355000 0.090667 0.106000
111 0.834667 0.455000 0.074667 0.086000
111 0.620000 0.406000 0.088000 0.104000
6 0.848000 0.719000 0.277333 0.530000
6 0.648000 0.663000 0.229333 0.470000
4 0.656000 0.556000 0.229333 0.228000
112 0.844000 0.957000 0.114667 0.054000
112 0.636000 0.878000 0.088000 0.032000
3 0.866667 0.220000 0.266667 0.436000
0 0.368000 0.288000 0.586667 0.576000