38 0.289157 0.479000 0.072289 0.106000
5 0.634036 0.162000 0.105422 0.088000
7 0.185241 0.760000 0.207831 0.344000
15 0.474398 0.555000 0.045181 0.030000
10 0.667169 0.375000 0.075301 0.054000
118 0.108434 0.397000 0.030120 0.014000
92 0.670181 0.364000 0.087349 0.032000
14 0.641566 0.549000 0.072289 0.118000
108 0.087349 0.525000 0.048193 0.026000
1 0.679217 0.476000 0.171687 0.256000
27 0.774096 0.426000 0.084337 0.152000
27 0.365964 0.559000 0.231928 0.386000
6 0.230422 0.393000 0.081325 0.078000
49 0.915663 0.809000 0.162651 0.374000
60 0.177711 0.594000 0.283133 0.284000
76 0.795181 0.559000 0.114458 0.090000
52 0.483434 0.658000 0.057229 0.192000