53 0.714000 0.098667 0.420000 0.160000
95 0.225000 0.889333 0.074000 0.029333
5 0.282000 0.140000 0.560000 0.280000
5 0.273000 0.174667 0.546000 0.205333
101 0.466000 0.205333 0.060000 0.048000
37 0.470000 0.077333 0.104000 0.106667
31 0.297000 0.909333 0.586000 0.170667
11 0.497000 0.332000 0.994000 0.152000
1 0.523000 0.521333 0.414000 0.712000
1 0.690000 0.444000 0.108000 0.493333
6 0.986000 0.288000 0.024000 0.058667
66 0.469000 0.558667 0.186000 0.221333
8 0.476000 0.076000 0.060000 0.061333
17 0.911000 0.117333 0.170000 0.234667
17 0.058000 0.102667 0.116000 0.205333
17 0.633000 0.149333 0.230000 0.298667
17 0.800000 0.142667 0.124000 0.285333