106 0.143000 0.458237 0.286000 0.549884
19 0.767000 0.393271 0.090000 0.150812
19 0.081000 0.329466 0.074000 0.129930
25 0.591000 0.502320 0.034000 0.053364
64 0.174000 0.715777 0.096000 0.053364
11 0.424000 0.593968 0.148000 0.213457
11 0.392000 0.921114 0.148000 0.083527
11 0.061000 0.864269 0.106000 0.271462
10 0.663000 0.426914 0.282000 0.394432
82 0.877000 0.808585 0.078000 0.280742
70 0.222000 0.482599 0.120000 0.157773
70 0.586000 0.530162 0.132000 0.155452
78 0.862000 0.494200 0.132000 0.222738