68 0.429429 0.517000 0.138138 0.254000
77 0.355856 0.426000 0.069069 0.032000
147 0.551051 0.349000 0.033033 0.014000
36 0.533033 0.359000 0.099099 0.078000
91 0.436937 0.642000 0.483483 0.672000
7 0.424925 0.951000 0.849850 0.094000
16 0.564565 0.365000 0.180180 0.122000
15 0.503003 0.403000 0.057057 0.066000
15 0.657658 0.687000 0.048048 0.062000
10 0.546547 0.353000 0.120120 0.102000
70 0.536036 0.378000 0.033033 0.012000
78 0.549550 0.400000 0.066066 0.024000
30 0.533033 0.359000 0.027027 0.022000
27 0.357357 0.421000 0.036036 0.018000
28 0.322823 0.468000 0.159159 0.076000