73 0.527163 0.901000 0.631791 0.194000
97 0.491952 0.373000 0.138833 0.142000
97 0.596579 0.382000 0.026157 0.124000
36 0.493964 0.371000 0.134809 0.130000
57 0.491952 0.593000 0.142857 0.190000
65 0.535211 0.348000 0.028169 0.024000
65 0.447686 0.397000 0.030181 0.030000
65 0.450704 0.348000 0.032193 0.028000
65 0.515091 0.328000 0.020121 0.028000
65 0.492958 0.319000 0.028169 0.030000
65 0.520121 0.413000 0.022133 0.022000
65 0.540241 0.368000 0.030181 0.016000
9 0.394366 0.848000 0.088531 0.064000
2 0.498994 0.419000 0.997988 0.838000