73 0.809942 0.252000 0.304094 0.436000
79 0.568713 0.384000 0.318713 0.020000
96 0.299708 0.305000 0.073099 0.030000
11 0.169591 0.731000 0.269006 0.490000
42 0.251462 0.487000 0.315789 0.322000
39 0.147661 0.765000 0.043860 0.030000
14 0.527778 0.686000 0.347953 0.284000
14 0.274854 0.738000 0.052632 0.128000
14 0.491228 0.729000 0.111111 0.218000
14 0.214912 0.759000 0.061404 0.178000
14 0.602339 0.678000 0.216374 0.264000
1 0.402047 0.522000 0.616959 0.612000
29 0.508772 0.650000 0.309942 0.248000
48 0.599415 0.797000 0.198830 0.062000
48 0.652047 0.789000 0.116959 0.038000