77 0.783000 0.720060 0.278000 0.122754
77 0.790000 0.724551 0.276000 0.131737
5 0.549000 0.187126 0.162000 0.308383
5 0.557000 0.329341 0.118000 0.227545
5 0.814000 0.338323 0.304000 0.658683
5 0.482000 0.465569 0.144000 0.290419
5 0.327000 0.531437 0.330000 0.218563
5 0.592000 0.461078 0.148000 0.263473
21 0.799000 0.717066 0.050000 0.080838
127 0.871000 0.697605 0.018000 0.095808
127 0.866000 0.696108 0.028000 0.098802
98 0.725000 0.414671 0.546000 0.410180
98 0.709000 0.823353 0.566000 0.347305
8 0.237000 0.160180 0.406000 0.242515
28 0.488000 0.826347 0.148000 0.083832
0 0.235000 0.444611 0.038000 0.044910
0 0.270000 0.446108 0.036000 0.011976
0 0.194000 0.443114 0.032000 0.029940
43 0.903000 0.359281 0.158000 0.508982
43 0.722000 0.212575 0.064000 0.095808