101 0.691000 0.719000 0.046000 0.050000
106 0.830000 0.879000 0.296000 0.198000
42 0.487000 0.551000 0.310000 0.390000
103 0.479000 0.828000 0.170000 0.296000
47 0.609000 0.152000 0.022000 0.040000
47 0.596000 0.151000 0.028000 0.034000
47 0.578000 0.149000 0.032000 0.034000
1 0.488000 0.639000 0.308000 0.678000
13 0.565000 0.578000 0.046000 0.796000
13 0.697000 0.311000 0.026000 0.514000
49 0.653000 0.709000 0.654000 0.538000
9 0.576000 0.071000 0.296000 0.106000
9 0.570000 0.155000 0.112000 0.062000
81 0.696000 0.619000 0.124000 0.110000
125 0.675000 0.472000 0.202000 0.272000