68 0.911000 0.414414 0.174000 0.570571
44 0.434000 0.888889 0.068000 0.102102
16 0.791000 0.234234 0.094000 0.252252
92 0.681000 0.105105 0.166000 0.162162
103 0.708000 0.812312 0.300000 0.375375
22 0.161000 0.213213 0.022000 0.018018
22 0.165000 0.358859 0.026000 0.033033
22 0.147000 0.402402 0.030000 0.042042
22 0.030000 0.393393 0.020000 0.024024
22 0.082000 0.285285 0.016000 0.024024
22 0.071000 0.334835 0.022000 0.027027
22 0.141000 0.408408 0.018000 0.030030
29 0.704000 0.804805 0.308000 0.390390
4 0.705000 0.462462 0.338000 0.432432
2 0.357000 0.500000 0.714000 1.000000
35 0.175000 0.959459 0.294000 0.081081
23 0.647000 0.512012 0.454000 0.975976