19 0.661000 0.292793 0.042000 0.105105
36 0.580000 0.376877 0.124000 0.243243
96 0.133000 0.430931 0.046000 0.045045
16 0.255000 0.406907 0.238000 0.207207
16 0.069000 0.414414 0.122000 0.126126
15 0.547000 0.879880 0.114000 0.222222
45 0.252000 0.210210 0.296000 0.264264
10 0.253000 0.390390 0.238000 0.264264
10 0.594000 0.337838 0.176000 0.321321
92 0.925000 0.187688 0.146000 0.273273
42 0.614000 0.698198 0.492000 0.591592
42 0.833000 0.663664 0.330000 0.666667
42 0.276000 0.725225 0.548000 0.543544
1 0.838000 0.581081 0.316000 0.831832
1 0.614000 0.525526 0.492000 0.948949
1 0.301000 0.539039 0.598000 0.921922
1 0.076000 0.468468 0.152000 0.318318
78 0.592000 0.492492 0.132000 0.180180
4 0.598000 0.594595 0.152000 0.420420