19 0.533000 0.481000 0.094000 0.150000
19 0.783000 0.461000 0.090000 0.154000
110 0.520000 0.634000 0.608000 0.588000
25 0.597000 0.494000 0.034000 0.036000
25 0.731000 0.492000 0.034000 0.044000
26 0.502000 0.299000 0.996000 0.350000
11 0.928000 0.401000 0.048000 0.050000
10 0.652000 0.494000 0.332000 0.308000
14 0.684000 0.771000 0.084000 0.226000
14 0.416000 0.745000 0.092000 0.158000
14 0.572000 0.771000 0.092000 0.198000
148 0.868000 0.363000 0.256000 0.062000
41 0.288000 0.649000 0.140000 0.134000
17 0.289000 0.121000 0.142000 0.242000
84 0.656000 0.739000 0.140000 0.386000
28 0.502000 0.709000 1.000000 0.178000