100 0.622000 0.173653 0.140000 0.341317
100 0.693000 0.252994 0.234000 0.505988
19 0.428000 0.477545 0.044000 0.044910
19 0.146000 0.163174 0.044000 0.044910
25 0.458000 0.523952 0.028000 0.029940
25 0.096000 0.178144 0.032000 0.026946
56 0.500000 0.805389 1.000000 0.377246
117 0.674000 0.552395 0.524000 0.470060
117 0.274000 0.479042 0.456000 0.730539
117 0.564000 0.673653 0.084000 0.167665
11 0.500000 0.827844 1.000000 0.344311
10 0.562000 0.627246 0.084000 0.092814
10 0.447000 0.538922 0.082000 0.179641
10 0.105000 0.172156 0.122000 0.122754
22 0.298000 0.157186 0.028000 0.026946
22 0.847000 0.270958 0.026000 0.038922
78 0.591000 0.399701 0.278000 0.182635
78 0.208000 0.357784 0.160000 0.332335
41 0.467000 0.648204 0.074000 0.140719
17 0.500000 0.389222 1.000000 0.778443