88 0.855000 0.632353 0.070000 0.088235
7 0.500000 0.764706 1.000000 0.464052
12 0.753000 0.259804 0.038000 0.029412
12 0.039000 0.240196 0.038000 0.029412
12 0.792000 0.259804 0.032000 0.022876
40 0.213000 0.779412 0.090000 0.434641
13 0.772000 0.464052 0.024000 0.405229
9 0.810000 0.501634 0.044000 0.107843
9 0.045000 0.428105 0.030000 0.039216
8 0.500000 0.220588 1.000000 0.434641
133 0.747000 0.874183 0.506000 0.251634
133 0.418000 0.771242 0.476000 0.457516
94 0.410000 0.558824 0.408000 0.313725
0 0.246000 0.522876 0.016000 0.026144
0 0.292000 0.521242 0.024000 0.029412
0 0.323000 0.527778 0.038000 0.042484
0 0.389000 0.526144 0.058000 0.045752
0 0.543000 0.500000 0.114000 0.098039