128 0.232000 0.086667 0.464000 0.088000
5 0.228000 0.054667 0.340000 0.109333
20 0.778000 0.305333 0.440000 0.418667
20 0.499000 0.498667 0.998000 0.997333
134 0.367000 0.378667 0.734000 0.656000
74 0.562000 0.553333 0.868000 0.306667
21 0.752000 0.277333 0.184000 0.288000
21 0.624000 0.278667 0.128000 0.269333
19 0.701000 0.601333 0.082000 0.061333
57 0.761000 0.198667 0.070000 0.066667
7 0.568000 0.568000 0.864000 0.272000
32 0.048000 0.884000 0.096000 0.162667
32 0.641000 0.286667 0.042000 0.024000
10 0.651000 0.613333 0.170000 0.160000
22 0.425000 0.048000 0.030000 0.026667
22 0.458000 0.053333 0.032000 0.026667
14 0.409000 0.645333 0.090000 0.090667
14 0.534000 0.629333 0.076000 0.128000
12 0.914000 0.153333 0.036000 0.045333
76 0.802000 0.448000 0.112000 0.160000
2 0.445000 0.065333 0.138000 0.130667
84 0.554000 0.088000 0.036000 0.176000
35 0.610000 0.221333 0.052000 0.037333
35 0.804000 0.448000 0.112000 0.154667
0 0.483000 0.353333 0.966000 0.701333
0 0.915000 0.425333 0.166000 0.573333
0 0.623000 0.198667 0.118000 0.104000
0 0.754000 0.198667 0.160000 0.114667