87 0.580000 0.782670 0.032000 0.053977
87 0.483000 0.772727 0.034000 0.045455
87 0.482000 0.846591 0.036000 0.045455
87 0.385000 0.856534 0.038000 0.048295
19 0.418000 0.383523 0.032000 0.062500
25 0.470000 0.350852 0.036000 0.019886
36 0.477000 0.380682 0.102000 0.204545
140 0.687000 0.927557 0.114000 0.139205
16 0.466000 0.311080 0.124000 0.127841
10 0.464000 0.365057 0.128000 0.235795
85 0.078000 0.370739 0.156000 0.264205
1 0.492000 0.373580 0.196000 0.247159
30 0.502000 0.373580 0.036000 0.059659
6 0.397000 0.789773 0.690000 0.414773