26 0.122000 0.545317 0.244000 0.371601
40 0.812000 0.622356 0.368000 0.398792
108 0.730000 0.971299 0.540000 0.039275
1 0.640000 0.578550 0.052000 0.299094
1 0.550000 0.587613 0.064000 0.287009
1 0.582000 0.577039 0.084000 0.308157
29 0.585000 0.631420 0.054000 0.169184
62 0.357000 0.537764 0.026000 0.737160
55 0.717000 0.696375 0.566000 0.601208
66 0.639000 0.589124 0.050000 0.102719
49 0.225000 0.833837 0.450000 0.332326
9 0.358000 0.255287 0.120000 0.178248
9 0.842000 0.241692 0.028000 0.048338
9 0.658000 0.288520 0.024000 0.033233
17 0.723000 0.314199 0.134000 0.187311