128 0.419421 0.079000 0.276860 0.102000
67 0.135331 0.242000 0.068182 0.156000
74 0.501033 0.839000 1.002066 0.314000
19 0.523760 0.283000 0.146694 0.242000
110 0.454545 0.502000 0.851240 0.952000
25 0.691116 0.334000 0.051653 0.048000
7 0.501033 0.763000 1.002066 0.466000
16 0.723140 0.165000 0.264463 0.158000
45 0.143595 0.176000 0.035124 0.020000
10 0.667355 0.311000 0.446281 0.394000
10 0.183884 0.178000 0.041322 0.056000
22 0.964876 0.063000 0.020661 0.022000
27 0.037190 0.202000 0.074380 0.184000
63 0.911157 0.616000 0.181818 0.220000
148 0.500000 0.836000 0.995868 0.320000
24 0.316116 0.947000 0.632231 0.098000
4 0.041322 0.227000 0.053719 0.138000
84 0.788223 0.669000 0.171488 0.554000