5 0.826705 0.173611 0.340909 0.347222
5 0.342330 0.171875 0.377841 0.343750
21 0.112216 0.218750 0.088068 0.222222
21 0.725852 0.211806 0.082386 0.222222
42 0.552557 0.234375 0.036932 0.059028
13 0.957386 0.248264 0.017045 0.239583
62 0.769886 0.309028 0.028409 0.118056
49 0.500000 0.359375 0.994318 0.059028
9 0.728693 0.175347 0.042614 0.052083
60 0.498580 0.684028 0.997159 0.611111
0 0.105114 0.171875 0.039773 0.100694
0 0.852273 0.168403 0.170455 0.093750
23 0.553977 0.239583 0.045455 0.125000