19 0.620000 0.433333 0.096000 0.168000
25 0.539000 0.436000 0.042000 0.034667
31 0.499000 0.654667 0.998000 0.685333
10 0.562000 0.432000 0.236000 0.272000
1 0.540000 0.172000 0.044000 0.050667
30 0.484000 0.517333 0.032000 0.037333
71 0.499000 0.498667 0.998000 0.997333
93 0.611000 0.141333 0.126000 0.122667
93 0.211000 0.182667 0.054000 0.082667
41 0.864000 0.774667 0.088000 0.130667
84 0.433000 0.477333 0.334000 0.320000
0 0.535000 0.066667 0.122000 0.133333
0 0.362000 0.057333 0.144000 0.114667
0 0.212000 0.064000 0.076000 0.128000
23 0.558000 0.160000 0.036000 0.053333