38 0.494000 0.409333 0.044000 0.050667
38 0.574000 0.373333 0.048000 0.037333
101 0.534000 0.357333 0.028000 0.026667
56 0.499000 0.501333 0.998000 1.002667
11 0.499000 0.500000 0.998000 1.000000
10 0.530000 0.357333 0.028000 0.032000
14 0.590000 0.500000 0.064000 0.104000
14 0.504000 0.517333 0.060000 0.096000
108 0.830000 0.053333 0.336000 0.106667
65 0.535000 0.405333 0.018000 0.032000
29 0.547000 0.508000 0.138000 0.125333
24 0.557000 0.597333 0.162000 0.069333
48 0.620000 0.552000 0.028000 0.026667
48 0.472000 0.578667 0.020000 0.021333