5 0.351604 0.366000 0.147059 0.124000
130 0.207219 0.754000 0.066845 0.080000
116 0.387701 0.871000 0.117647 0.130000
116 0.534759 0.867000 0.117647 0.130000
127 0.127005 0.830000 0.040107 0.044000
103 0.171123 0.795000 0.032086 0.106000
1 0.172460 0.752000 0.050802 0.172000
1 0.838235 0.645000 0.061497 0.118000
29 0.064171 0.608000 0.048128 0.048000
34 0.187166 0.929000 0.304813 0.130000
34 0.721925 0.877000 0.267380 0.106000
4 0.169786 0.718000 0.050802 0.072000
3 0.338235 0.301000 0.109626 0.066000
23 0.208556 0.763000 0.085561 0.162000
23 0.069519 0.590000 0.048128 0.092000