5 0.803000 0.085586 0.230000 0.165165
58 0.499000 0.177177 0.998000 0.354354
11 0.499000 0.575075 0.998000 0.249249
7 0.499000 0.717718 0.998000 0.558559
15 0.665000 0.214715 0.050000 0.051051
22 0.845000 0.112613 0.046000 0.051051
14 0.441000 0.725225 0.098000 0.273273
14 0.519000 0.693694 0.066000 0.192192
1 0.519000 0.561562 0.350000 0.744745
27 0.820000 0.477477 0.016000 0.066066
27 0.066000 0.489489 0.028000 0.030030
148 0.499000 0.771772 0.998000 0.450450
24 0.244000 0.887387 0.428000 0.177177
4 0.505000 0.427928 0.126000 0.207207
112 0.399000 0.890390 0.038000 0.087087
66 0.493000 0.608108 0.162000 0.195195
8 0.499000 0.180180 0.998000 0.360360
17 0.499000 0.261261 0.998000 0.504505