5 0.499000 0.516000 0.998000 0.856000
73 0.417000 0.872000 0.354000 0.250667
139 0.331000 0.318667 0.074000 0.077333
7 0.499000 0.938667 0.998000 0.117333
39 0.868000 0.560000 0.024000 0.026667
39 0.971000 0.884000 0.022000 0.029333
39 0.623000 0.930667 0.014000 0.016000
39 0.045000 0.969333 0.030000 0.018667
39 0.162000 0.949333 0.028000 0.037333
22 0.856000 0.988000 0.020000 0.018667
22 0.748000 0.968000 0.024000 0.016000
22 0.769000 0.973333 0.014000 0.016000
22 0.799000 0.458667 0.022000 0.032000
22 0.737000 0.688000 0.018000 0.026667
22 0.462000 0.892000 0.032000 0.024000
22 0.421000 0.293333 0.014000 0.016000
22 0.669000 0.701333 0.022000 0.032000
22 0.579000 0.118667 0.030000 0.045333
22 0.834000 0.969333 0.024000 0.018667
40 0.617000 0.344000 0.486000 0.037333
40 0.963000 0.362667 0.070000 0.021333
40 0.101000 0.325333 0.198000 0.026667
51 0.499000 0.318667 0.998000 0.146667
49 0.499000 0.938667 0.998000 0.117333
59 0.105000 0.288000 0.210000 0.032000
59 0.960000 0.342667 0.076000 0.013333
59 0.617000 0.324000 0.478000 0.040000
2 0.227000 0.193333 0.454000 0.386667
2 0.620000 0.498667 0.756000 0.997333
3 0.499000 0.832000 0.998000 0.234667
0 0.500000 0.553333 0.176000 0.344000
0 0.302000 0.554667 0.204000 0.362667
43 0.712000 0.558667 0.172000 0.322667