20 0.941000 0.553459 0.114000 0.150943
58 0.498000 0.155660 0.996000 0.311321
21 0.511000 0.498428 0.042000 0.311321
118 0.225000 0.562893 0.026000 0.050314
118 0.333000 0.570755 0.026000 0.047170
40 0.530000 0.772013 0.552000 0.449686
51 0.918000 0.393082 0.160000 0.081761
8 0.499000 0.158805 0.998000 0.317610
141 0.646000 0.558176 0.176000 0.072327
133 0.105000 0.842767 0.210000 0.163522
94 0.526000 0.583333 0.804000 0.726415
43 0.362000 0.399371 0.136000 0.138365
43 0.789000 0.465409 0.014000 0.044025