115 0.054667 0.351000 0.082667 0.066000
115 0.561333 0.611000 0.184000 0.030000
115 0.326667 0.763000 0.088000 0.058000
5 0.792000 0.510000 0.106667 0.280000
105 0.709333 0.765000 0.085333 0.074000
20 0.824000 0.795000 0.106667 0.062000
85 0.738667 0.778000 0.016000 0.012000
40 0.788000 0.910000 0.029333 0.036000
108 0.744000 0.831000 0.037333 0.042000
6 0.106667 0.794000 0.053333 0.116000
6 0.164000 0.796000 0.056000 0.112000
55 0.500000 0.894000 1.000000 0.204000
9 0.561333 0.612000 0.184000 0.036000
9 0.909333 0.564000 0.181333 0.052000
9 0.305333 0.433000 0.429333 0.086000