19 0.188889 0.138000 0.046465 0.084000
19 0.225253 0.483000 0.038384 0.046000
19 0.290909 0.143000 0.044444 0.086000
25 0.165657 0.258000 0.020202 0.028000
25 0.227273 0.540000 0.026263 0.024000
25 0.289899 0.260000 0.038384 0.040000
25 0.292929 0.541000 0.024242 0.018000
36 0.230303 0.317000 0.153535 0.294000
36 0.267677 0.565000 0.115152 0.170000
26 0.498990 0.497000 0.997980 0.994000
56 0.498990 0.810000 0.997980 0.376000
11 0.379798 0.977000 0.759596 0.038000
11 0.498990 0.381000 0.997980 0.762000
16 0.242424 0.192000 0.161616 0.124000
114 0.578788 0.546000 0.838384 0.908000
114 0.397980 0.728000 0.391919 0.540000
82 0.407071 0.803000 0.131313 0.386000
82 0.347475 0.881000 0.068687 0.230000
82 0.839394 0.794000 0.123232 0.404000
30 0.266667 0.612000 0.052525 0.048000
30 0.216162 0.430000 0.072727 0.064000
46 0.264646 0.513000 0.044444 0.042000
41 0.877778 0.716000 0.244444 0.560000