38 0.222000 0.714029 0.024000 0.061151
20 0.049000 0.681655 0.098000 0.248201
15 0.228000 0.750000 0.020000 0.032374
10 0.241000 0.652878 0.034000 0.039568
82 0.224000 0.787770 0.024000 0.107914
85 0.016000 0.735612 0.016000 0.032374
61 0.568000 0.539568 0.040000 0.079137
1 0.235000 0.735612 0.058000 0.219424
6 0.531000 0.755396 0.038000 0.165468
13 0.046000 0.352518 0.016000 0.431655
55 0.145000 0.843525 0.290000 0.298561
49 0.218000 0.778777 0.304000 0.435252
133 0.739000 0.669065 0.522000 0.093525
94 0.701000 0.523381 0.598000 0.320144
17 0.490000 0.206835 0.216000 0.413669
3 0.419000 0.884892 0.246000 0.230216
35 0.196000 0.839928 0.056000 0.111511