144 0.173000 0.284000 0.090000 0.066667
39 0.604000 0.132000 0.040000 0.018667
39 0.606000 0.166667 0.036000 0.024000
40 0.617000 0.760000 0.526000 0.346667
61 0.729000 0.416000 0.034000 0.048000
120 0.599000 0.189333 0.366000 0.213333
120 0.088000 0.262667 0.056000 0.114667
34 0.744000 0.536000 0.036000 0.058667
55 0.499000 0.696000 0.998000 0.602667
49 0.821000 0.314667 0.354000 0.021333
2 0.223000 0.220000 0.042000 0.173333
2 0.495000 0.114667 0.030000 0.170667
2 0.327000 0.132000 0.030000 0.157333
2 0.379000 0.122667 0.030000 0.170667
2 0.255000 0.212000 0.030000 0.162667
2 0.372000 0.118667 0.044000 0.173333
2 0.415000 0.152000 0.030000 0.106667
2 0.286000 0.150667 0.028000 0.141333
2 0.415000 0.152000 0.034000 0.106667
125 0.494000 0.440000 0.636000 0.490667
0 0.295000 0.286667 0.058000 0.093333