97 0.532000 0.173000 0.040000 0.050000
89 0.083000 0.253000 0.166000 0.050000
21 0.685000 0.563000 0.370000 0.318000
21 0.315000 0.557000 0.366000 0.314000
32 0.313000 0.759000 0.294000 0.038000
32 0.772000 0.394000 0.164000 0.028000
32 0.686000 0.752000 0.300000 0.040000
143 0.683000 0.334000 0.050000 0.052000
143 0.799000 0.336000 0.038000 0.056000
143 0.751000 0.331000 0.050000 0.062000
143 0.327000 0.324000 0.058000 0.060000
143 0.260000 0.320000 0.040000 0.064000
143 0.505000 0.326000 0.042000 0.052000
143 0.025000 0.507000 0.026000 0.038000
143 0.208000 0.323000 0.064000 0.074000
61 0.493000 0.090000 0.218000 0.020000
50 0.622000 0.982000 0.076000 0.028000
3 0.085000 0.116000 0.170000 0.228000
0 0.694000 0.556000 0.244000 0.168000