128 0.082000 0.867069 0.092000 0.247734
67 0.449000 0.442598 0.118000 0.353474
5 0.588000 0.274924 0.412000 0.549849
5 0.883000 0.348943 0.238000 0.685801
36 0.401000 0.273414 0.062000 0.069486
26 0.191000 0.722054 0.374000 0.471299
11 0.051000 0.823263 0.102000 0.250755
15 0.316000 0.132931 0.048000 0.096677
45 0.544000 0.486405 0.104000 0.096677
10 0.404000 0.258308 0.076000 0.099698
1 0.588000 0.719033 0.184000 0.561934
1 0.723000 0.768882 0.154000 0.456193
1 0.954000 0.785498 0.088000 0.422961
6 0.806000 0.720544 0.392000 0.552870
6 0.360000 0.382175 0.192000 0.601208
6 0.479000 0.738671 0.282000 0.516616
4 0.811000 0.746224 0.378000 0.501511
4 0.445000 0.472810 0.102000 0.226586
4 0.953000 0.770393 0.062000 0.157100
4 0.474000 0.791541 0.264000 0.410876
4 0.356000 0.374622 0.192000 0.386707
60 0.501000 0.877644 1.002000 0.238671
2 0.854000 0.105740 0.288000 0.211480
0 0.835000 0.238671 0.074000 0.132931
0 0.600000 0.095166 0.056000 0.184290