107 0.968000 0.530000 0.044000 0.036000
107 0.982000 0.484000 0.032000 0.036000
22 0.950000 0.411000 0.008000 0.014000
22 0.786000 0.437000 0.000000 0.006000
12 0.403000 0.159000 0.014000 0.014000
13 0.678000 0.337000 0.012000 0.330000
13 0.273000 0.351000 0.014000 0.354000
13 0.167000 0.496000 0.014000 0.140000
13 0.900000 0.468000 0.012000 0.192000
13 0.938000 0.699000 0.012000 0.118000
131 0.364000 0.668000 0.012000 0.008000
131 0.857000 0.901000 0.014000 0.010000
131 0.326000 0.814000 0.024000 0.016000
131 0.383000 0.703000 0.018000 0.006000
131 0.424000 0.623000 0.008000 0.010000
131 0.211000 0.873000 0.022000 0.014000
131 0.454000 0.548000 0.008000 0.004000
8 0.500000 0.209000 1.000000 0.418000
94 0.440000 0.455000 0.192000 0.162000
2 0.930000 0.416000 0.088000 0.112000