38 0.852000 0.796000 0.296000 0.404000
38 0.487000 0.610000 0.170000 0.132000
5 0.499000 0.499000 0.998000 0.998000
106 0.452000 0.502000 0.876000 0.448000
19 0.701000 0.321000 0.082000 0.074000
19 0.843000 0.393000 0.046000 0.042000
25 0.807000 0.516000 0.034000 0.040000
25 0.708000 0.456000 0.032000 0.032000
36 0.754000 0.467000 0.236000 0.250000
79 0.552000 0.792000 0.068000 0.084000
10 0.737000 0.448000 0.318000 0.336000
30 0.726000 0.545000 0.028000 0.046000
59 0.647000 0.795000 0.050000 0.406000
41 0.168000 0.613000 0.312000 0.234000
0 0.753000 0.349000 0.434000 0.502000
0 0.193000 0.284000 0.386000 0.424000