101 0.881000 0.106061 0.074000 0.078788
26 0.725000 0.134848 0.214000 0.057576
16 0.889000 0.187879 0.066000 0.121212
15 0.333000 0.219697 0.022000 0.045455
15 0.602000 0.551515 0.028000 0.078788
10 0.296000 0.198485 0.052000 0.093939
107 0.770000 0.084848 0.112000 0.054545
42 0.517000 0.381818 0.238000 0.551515
22 0.699000 0.771212 0.030000 0.033333
1 0.546000 0.069697 0.068000 0.096970
70 0.493000 0.239394 0.026000 0.024242
29 0.545000 0.700000 0.154000 0.145455
52 0.155000 0.259091 0.310000 0.227273
23 0.192000 0.536364 0.216000 0.466667
23 0.884000 0.287879 0.168000 0.436364
23 0.326000 0.412121 0.120000 0.509091
23 0.518000 0.428788 0.236000 0.639394