57 0.476000 0.434667 0.048000 0.106667
57 0.580000 0.569333 0.068000 0.114667
96 0.804000 0.268000 0.140000 0.077333
15 0.122000 0.544000 0.152000 0.176000
45 0.108000 0.068000 0.216000 0.136000
42 0.613000 0.326667 0.246000 0.306667
1 0.227000 0.574667 0.450000 0.845333
1 0.784000 0.384000 0.300000 0.597333
1 0.174000 0.377333 0.336000 0.749333
1 0.319000 0.260000 0.262000 0.466667
30 0.905000 0.361333 0.066000 0.109333
6 0.599000 0.276000 0.322000 0.429333
132 0.414000 0.828000 0.076000 0.130667
132 0.684000 0.950667 0.276000 0.093333
132 0.652000 0.398667 0.140000 0.050667
132 0.640000 0.865333 0.208000 0.184000
132 0.111000 0.461333 0.142000 0.080000
132 0.412000 0.893333 0.220000 0.192000
34 0.396000 0.464000 0.088000 0.053333
4 0.819000 0.530667 0.258000 0.378667
18 0.522000 0.738667 0.956000 0.522667
28 0.726000 0.734667 0.120000 0.152000
23 0.923000 0.498667 0.150000 0.757333