5 0.898000 0.220000 0.196000 0.242667
20 0.105000 0.492000 0.210000 0.397333
74 0.499000 0.820000 0.998000 0.354667
11 0.957000 0.702667 0.082000 0.034667
7 0.499000 0.822667 0.998000 0.354667
61 0.437000 0.392000 0.034000 0.080000
51 0.897000 0.158667 0.202000 0.125333
8 0.499000 0.117333 0.998000 0.234667
141 0.658000 0.538667 0.064000 0.069333
94 0.460000 0.520000 0.920000 0.661333
35 0.521000 0.753333 0.098000 0.162667
0 0.935000 0.244000 0.018000 0.040000
0 0.038000 0.432000 0.052000 0.074667
104 0.440000 0.448000 0.056000 0.037333