106 0.468320 0.714000 0.451791 0.572000
19 0.493113 0.562000 0.104683 0.088000
19 0.409091 0.550000 0.063361 0.068000
31 0.455923 0.903000 0.911846 0.190000
16 0.644628 0.103000 0.297521 0.186000
142 0.531680 0.330000 0.137741 0.076000
103 0.673554 0.736000 0.316804 0.524000
82 0.308540 0.906000 0.044077 0.184000
6 0.658402 0.499000 0.391185 0.990000
4 0.685950 0.337000 0.330579 0.322000
46 0.283747 0.930000 0.082645 0.120000
18 0.184573 0.873000 0.369146 0.250000
41 0.367769 0.936000 0.267218 0.120000