57 0.111000 0.917722 0.222000 0.156118
18 0.143000 0.751055 0.050000 0.054852
52 0.663000 0.342827 0.570000 0.411392
52 0.893000 0.612869 0.210000 0.200422
52 0.616000 0.805907 0.460000 0.367089
52 0.342000 0.857595 0.200000 0.208861
52 0.921000 0.200422 0.154000 0.135021
52 0.262000 0.324895 0.164000 0.105485
52 0.290000 0.123418 0.336000 0.246835
52 0.718000 0.638186 0.172000 0.116034
52 0.663000 0.104430 0.374000 0.196203
52 0.662000 0.340717 0.580000 0.398734
52 0.884000 0.805907 0.220000 0.189873
52 0.224000 0.608650 0.172000 0.120253
3 0.235000 0.335443 0.470000 0.324895