74 0.499000 0.729333 0.998000 0.269333
7 0.498000 0.626667 0.996000 0.746667
142 0.320000 0.460000 0.044000 0.045333
10 0.748000 0.442667 0.084000 0.096000
92 0.332000 0.312000 0.072000 0.074667
92 0.747000 0.437333 0.086000 0.096000
14 0.348000 0.606667 0.120000 0.237333
1 0.844000 0.552000 0.236000 0.448000
1 0.889000 0.090667 0.090000 0.117333
29 0.742000 0.657333 0.124000 0.109333
29 0.849000 0.624000 0.206000 0.245333
29 0.399000 0.608000 0.218000 0.240000
4 0.859000 0.458667 0.158000 0.149333
4 0.346000 0.432000 0.108000 0.170667
59 0.340000 0.612000 0.076000 0.248000