58 0.104000 0.152000 0.144000 0.052000
58 0.684000 0.068000 0.626667 0.136000
117 0.165333 0.488000 0.080000 0.184000
117 0.537333 0.594000 0.466667 0.464000
11 0.500000 0.891000 1.000000 0.210000
10 0.388000 0.399000 0.168000 0.074000
27 0.692000 0.470000 0.018667 0.044000
13 0.292000 0.591000 0.136000 0.466000
8 0.500000 0.194000 1.000000 0.384000
46 0.554667 0.624000 0.064000 0.060000
46 0.513333 0.652000 0.045333 0.056000
46 0.502667 0.589000 0.056000 0.054000
46 0.626667 0.656000 0.053333 0.044000
46 0.678667 0.657000 0.034667 0.042000
2 0.276000 0.270000 0.093333 0.164000