53 0.499000 0.498956 0.998000 0.997912
100 0.617000 0.618998 0.782000 0.331942
100 0.749000 0.850731 0.298000 0.298539
19 0.603000 0.203549 0.086000 0.098121
25 0.706000 0.329854 0.040000 0.045929
25 0.789000 0.336117 0.050000 0.045929
79 0.813000 0.960334 0.086000 0.070981
10 0.690000 0.326722 0.336000 0.352818
22 0.585000 0.939457 0.058000 0.112735
70 0.760000 0.471816 0.084000 0.062630
30 0.774000 0.430063 0.064000 0.066806
120 0.591000 0.934238 0.070000 0.123173
81 0.714000 0.223382 0.160000 0.087683
2 0.498000 0.495825 0.996000 0.991649