5 0.945000 0.479104 0.114000 0.958209
105 0.515000 0.843284 0.118000 0.134328
105 0.337000 0.798507 0.118000 0.241791
37 0.362000 0.132836 0.352000 0.259701
6 0.581000 0.874627 0.014000 0.053731
13 0.747000 0.805970 0.030000 0.304478
4 0.125000 0.816418 0.046000 0.050746
49 0.191000 0.919403 0.374000 0.161194
9 0.740000 0.805970 0.016000 0.053731
8 0.549000 0.352239 0.782000 0.704478
60 0.562000 0.934328 0.584000 0.131343
2 0.333000 0.676119 0.226000 0.385075
43 0.949000 0.504478 0.010000 0.083582
43 0.959000 0.276119 0.014000 0.092537
43 0.956000 0.389552 0.020000 0.086567