53 0.500000 0.500000 1.000000 1.000000
5 0.760000 0.351351 0.476000 0.702703
5 0.190000 0.390390 0.380000 0.780781
134 0.490000 0.696697 0.456000 0.420420
21 0.130000 0.489489 0.260000 0.600601
36 0.299000 0.560060 0.070000 0.123123
26 0.763000 0.668168 0.222000 0.297297
7 0.500000 0.890390 1.000000 0.219219
10 0.302000 0.564565 0.076000 0.132132
47 0.256000 0.087087 0.072000 0.132132
47 0.206000 0.714715 0.020000 0.030030
49 0.500000 0.869369 1.000000 0.189189
9 0.755000 0.596096 0.058000 0.087087
9 0.085000 0.094595 0.170000 0.189189
9 0.269000 0.103604 0.130000 0.207207
9 0.111000 0.417417 0.222000 0.180180
3 0.794000 0.512012 0.172000 0.351351
0 0.949000 0.451952 0.022000 0.021021
104 0.351000 0.471471 0.062000 0.030030