25 0.175000 0.485567 0.014000 0.018557
117 0.480000 0.516495 0.684000 0.620619
11 0.136000 0.738144 0.140000 0.065979
16 0.799000 0.589691 0.042000 0.136082
10 0.187000 0.494845 0.102000 0.177320
82 0.548000 0.605155 0.104000 0.381443
78 0.328000 0.327835 0.252000 0.239175
30 0.168000 0.537113 0.016000 0.022680
24 0.389000 0.617526 0.778000 0.389691
46 0.574000 0.335052 0.028000 0.022680
46 0.566000 0.278351 0.024000 0.024742
41 0.796000 0.516495 0.044000 0.270103
2 0.609000 0.122680 0.210000 0.245361
3 0.803000 0.348454 0.394000 0.235052