106 0.137000 0.756757 0.050000 0.192192
106 0.707000 0.936937 0.058000 0.120120
11 0.500000 0.815315 1.000000 0.369369
45 0.859000 0.608108 0.058000 0.057057
45 0.346000 0.555556 0.032000 0.030030
10 0.858000 0.642643 0.060000 0.120120
103 0.353000 0.798799 0.042000 0.186186
103 0.582000 0.876877 0.068000 0.204204
1 0.579000 0.774775 0.110000 0.444444
1 0.349000 0.722222 0.070000 0.357357
34 0.310000 0.669670 0.032000 0.012012
125 0.340000 0.591592 0.172000 0.078078
23 0.899000 0.791291 0.198000 0.399399
23 0.203000 0.699700 0.102000 0.258258