58 0.804000 0.105727 0.172000 0.035242
7 0.499000 0.768722 0.998000 0.453744
63 0.353000 0.927313 0.014000 0.013216
63 0.631000 0.896476 0.010000 0.013216
63 0.662000 0.883260 0.012000 0.013216
63 0.629000 0.900881 0.010000 0.013216
63 0.086000 0.691630 0.012000 0.008811
63 0.854000 0.973568 0.020000 0.026432
148 0.499000 0.759912 0.998000 0.471366
24 0.900000 0.852423 0.196000 0.101322
9 0.023000 0.625551 0.026000 0.096916
8 0.499000 0.189427 0.998000 0.378855
35 0.195000 0.674009 0.050000 0.105727