68 0.191000 0.658363 0.030000 0.056940
130 0.219000 0.548043 0.046000 0.106762
7 0.502000 0.779359 1.000000 0.434164
15 0.179000 0.585409 0.002000 0.003559
42 0.216000 0.539146 0.056000 0.117438
47 0.975000 0.028470 0.018000 0.042705
119 0.043000 0.238434 0.070000 0.035587
12 0.846000 0.437722 0.032000 0.021352
85 0.798000 0.443060 0.032000 0.010676
1 0.335000 0.555160 0.054000 0.220641
65 0.682000 0.492883 0.036000 0.024911
27 0.435000 0.537367 0.066000 0.234875
27 0.156000 0.580071 0.076000 0.298932
27 0.096000 0.571174 0.060000 0.252669
6 0.159000 0.581851 0.062000 0.288256
6 0.436000 0.549822 0.056000 0.245552
6 0.335000 0.555160 0.050000 0.234875
98 0.852000 0.428826 0.124000 0.046263
49 0.301000 0.708185 0.602000 0.220641
43 0.059000 0.450178 0.050000 0.153025
43 0.905000 0.430605 0.062000 0.092527
43 0.833000 0.412811 0.062000 0.106762
43 0.268000 0.434164 0.052000 0.156584
43 0.267000 0.435943 0.050000 0.167260
43 0.395000 0.444840 0.038000 0.135231
23 0.218000 0.567616 0.056000 0.259786