105 0.486000 0.357333 0.704000 0.517333
105 0.892000 0.356000 0.212000 0.482667
37 0.093000 0.236000 0.174000 0.120000
21 0.595000 0.408000 0.098000 0.384000
7 0.499000 0.716000 0.998000 0.562667
118 0.690000 0.561333 0.016000 0.018667
47 0.780000 0.925333 0.016000 0.026667
47 0.828000 0.922667 0.016000 0.026667
47 0.782000 0.924000 0.012000 0.024000
47 0.719000 0.925333 0.014000 0.026667
47 0.755000 0.922667 0.010000 0.026667
47 0.392000 0.377333 0.024000 0.045333
47 0.796000 0.924000 0.008000 0.018667
47 0.731000 0.928000 0.010000 0.021333
47 0.921000 0.922667 0.010000 0.026667
40 0.433000 0.734667 0.866000 0.525333
108 0.387000 0.120000 0.430000 0.186667
1 0.593000 0.357333 0.070000 0.133333
65 0.158000 0.361333 0.008000 0.018667
65 0.686000 0.453333 0.016000 0.037333
13 0.635000 0.056000 0.014000 0.090667
8 0.499000 0.154667 0.998000 0.309333
59 0.743000 0.540000 0.190000 0.114667
2 0.974000 0.090667 0.048000 0.074667
35 0.205000 0.474667 0.034000 0.085333
35 0.465000 0.537333 0.082000 0.146667