5 0.499000 0.498498 0.990000 0.996997
19 0.405000 0.393393 0.022000 0.036036
10 0.416000 0.444444 0.088000 0.138138
114 0.283000 0.662162 0.358000 0.579580
14 0.360000 0.806306 0.028000 0.171171
14 0.325000 0.816817 0.030000 0.192192
47 0.126000 0.936937 0.024000 0.018018
47 0.056000 0.938438 0.020000 0.033033
47 0.069000 0.942943 0.014000 0.024024
47 0.152000 0.939940 0.020000 0.030030
47 0.106000 0.942943 0.020000 0.024024
47 0.095000 0.944444 0.010000 0.021021
47 0.198000 0.942943 0.016000 0.024024
12 0.931000 0.444444 0.098000 0.066066
12 0.699000 0.228228 0.086000 0.060060
12 0.704000 0.512012 0.088000 0.099099
12 0.590000 0.524024 0.068000 0.087087
12 0.809000 0.948949 0.134000 0.084084
85 0.586000 0.528529 0.068000 0.090090
85 0.817000 0.501502 0.098000 0.108108
1 0.265000 0.487988 0.090000 0.483483
70 0.443000 0.490991 0.030000 0.039039
78 0.353000 0.510511 0.074000 0.138138
60 0.499000 0.905405 0.998000 0.153153
41 0.126000 0.630631 0.040000 0.162162
0 0.474000 0.771772 0.056000 0.210210