86 0.426000 0.644000 0.784000 0.690667
80 0.651000 0.797333 0.210000 0.213333
80 0.366000 0.969333 0.256000 0.056000
80 0.192000 0.572000 0.136000 0.168000
80 0.394000 0.762667 0.164000 0.160000
80 0.512000 0.452000 0.100000 0.072000
80 0.478000 0.866667 0.144000 0.197333
80 0.444000 0.457333 0.100000 0.082667
80 0.268000 0.912000 0.152000 0.165333
80 0.533000 0.181333 0.142000 0.170667
80 0.638000 0.160000 0.100000 0.128000
80 0.646000 0.610667 0.160000 0.197333
57 0.110000 0.136000 0.220000 0.272000
57 0.887000 0.602667 0.222000 0.794667
34 0.739000 0.506667 0.290000 0.453333
18 0.497000 0.497333 0.990000 0.994667
28 0.886000 0.680000 0.216000 0.624000