5 0.395000 0.906250 0.110000 0.177500
5 0.807000 0.693750 0.382000 0.607500
5 0.184000 0.498750 0.368000 0.997500
5 0.610000 0.656250 0.128000 0.187500
12 0.216000 0.976250 0.020000 0.022500
12 0.220000 0.975000 0.016000 0.035000
13 0.895000 0.612500 0.206000 0.770000
13 0.246000 0.863750 0.036000 0.262500
24 0.191000 0.795000 0.070000 0.145000
9 0.500000 0.181250 0.196000 0.097500
9 0.488000 0.275000 0.616000 0.220000
8 0.499000 0.498750 0.998000 0.997500
0 0.672000 0.716250 0.020000 0.052500
0 0.816000 0.797500 0.032000 0.080000
0 0.748000 0.845000 0.028000 0.065000
43 0.175000 0.646250 0.090000 0.162500