67 0.552000 0.584000 0.096000 0.352000
5 0.529000 0.368000 0.770000 0.736000
101 0.733000 0.413333 0.030000 0.037333
33 0.925000 0.560000 0.118000 0.138667
21 0.351000 0.416000 0.106000 0.309333
21 0.474000 0.400000 0.124000 0.341333
56 0.498000 0.758667 0.996000 0.477333
31 0.559000 0.886667 0.138000 0.130667
7 0.499000 0.756000 0.998000 0.477333
15 0.560000 0.564000 0.020000 0.029333
15 0.287000 0.557333 0.034000 0.032000
45 0.551000 0.417333 0.034000 0.029333
10 0.736000 0.422667 0.032000 0.056000
42 0.290000 0.486667 0.088000 0.157333
42 0.617000 0.448000 0.058000 0.106667
42 0.550000 0.501333 0.076000 0.101333
42 0.361000 0.482667 0.070000 0.144000
22 0.923000 0.472000 0.034000 0.048000
22 0.183000 0.502667 0.018000 0.034667
1 0.372000 0.556000 0.104000 0.376000
1 0.292000 0.576000 0.092000 0.426667
1 0.766000 0.578667 0.104000 0.368000
29 0.285000 0.665333 0.070000 0.253333
29 0.773000 0.630667 0.090000 0.210667
29 0.366000 0.638667 0.096000 0.205333
6 0.671000 0.569333 0.086000 0.354667
13 0.539000 0.680000 0.050000 0.240000
51 0.528000 0.138667 0.772000 0.277333
72 0.956000 0.665333 0.032000 0.018667
72 0.499000 0.760000 0.998000 0.474667
2 0.926000 0.470667 0.052000 0.109333
2 0.181000 0.497333 0.034000 0.066667
0 0.368000 0.314667 0.024000 0.048000
23 0.618000 0.505333 0.064000 0.285333