53 0.499000 0.498667 0.998000 0.997333
5 0.632000 0.798667 0.736000 0.402667
26 0.188000 0.905333 0.336000 0.130667
1 0.962000 0.945333 0.064000 0.093333
27 0.558000 0.948000 0.060000 0.098667
6 0.812000 0.953333 0.076000 0.093333
6 0.659000 0.953333 0.074000 0.088000
6 0.879000 0.969333 0.046000 0.056000
6 0.597000 0.912000 0.066000 0.106667
6 0.754000 0.958667 0.048000 0.077333
6 0.910000 0.958667 0.040000 0.077333
13 0.065000 0.544000 0.050000 0.912000
13 0.474000 0.514667 0.044000 0.965333
51 0.630000 0.685333 0.736000 0.181333
9 0.687000 0.816000 0.046000 0.096000
9 0.038000 0.642667 0.028000 0.053333
9 0.177000 0.177333 0.210000 0.248000
9 0.684000 0.874667 0.036000 0.021333
8 0.499000 0.318667 0.998000 0.637333
0 0.489000 0.793333 0.102000 0.157333
0 0.769000 0.768000 0.082000 0.176000
0 0.686000 0.926667 0.072000 0.146667
104 0.157000 0.346667 0.062000 0.032000