73 0.873000 0.726667 0.050000 0.050667
73 0.949000 0.741333 0.090000 0.064000
20 0.363000 0.717333 0.046000 0.032000
20 0.438000 0.722667 0.060000 0.064000
7 0.501000 0.849333 1.002000 0.296000
47 0.313000 0.329333 0.062000 0.141333
47 0.360000 0.326667 0.044000 0.136000
47 0.465000 0.328000 0.078000 0.128000
47 0.233000 0.532000 0.082000 0.120000
12 0.036000 0.466667 0.072000 0.080000
13 0.271000 0.841333 0.062000 0.312000
13 0.533000 0.768000 0.042000 0.186667
13 0.459000 0.749333 0.018000 0.128000
62 0.727000 0.836000 0.070000 0.317333
55 0.265000 0.850667 0.530000 0.293333
9 0.262000 0.809333 0.116000 0.184000
9 0.488000 0.441333 0.788000 0.536000
9 0.687000 0.784000 0.318000 0.165333
9 0.936000 0.429333 0.132000 0.528000
72 0.579000 0.878667 0.842000 0.237333
72 0.485000 0.414667 0.770000 0.466667