105 0.137333 0.626000 0.274667 0.660000
105 0.292000 0.629000 0.098667 0.222000
20 0.365333 0.648000 0.037333 0.036000
7 0.498667 0.811000 0.997333 0.374000
12 0.194667 0.410000 0.026667 0.016000
12 0.296000 0.408000 0.032000 0.020000
49 0.790667 0.710000 0.413333 0.100000
9 0.081333 0.656000 0.141333 0.052000
9 0.450667 0.622000 0.016000 0.024000
59 0.126667 0.748000 0.253333 0.124000
2 0.894667 0.487000 0.210667 0.330000
2 0.482667 0.586000 0.165333 0.104000
2 0.618667 0.572000 0.112000 0.168000
35 0.190667 0.781000 0.045333 0.130000
35 0.297333 0.699000 0.018667 0.074000
0 0.201333 0.567000 0.045333 0.102000
0 0.081333 0.515000 0.088000 0.170000
0 0.230667 0.579000 0.034667 0.082000
0 0.080000 0.427000 0.090667 0.094000
0 0.201333 0.508000 0.040000 0.060000
43 0.016000 0.499000 0.032000 0.190000