97 0.532000 0.304000 0.152000 0.170667
58 0.082000 0.570667 0.164000 0.592000
37 0.470000 0.113333 0.552000 0.226667
37 0.060000 0.126667 0.120000 0.253333
99 0.551000 0.490667 0.886000 0.144000
122 0.516000 0.782667 0.340000 0.050667
57 0.583000 0.877333 0.126000 0.085333
142 0.537000 0.281333 0.026000 0.088000
47 0.536000 0.333333 0.012000 0.032000
119 0.560000 0.277333 0.020000 0.021333
108 0.509000 0.930667 0.238000 0.026667
8 0.499000 0.437333 0.998000 0.874667
3 0.719000 0.850667 0.078000 0.293333
3 0.314000 0.864000 0.072000 0.266667
0 0.583000 0.880000 0.130000 0.080000
0 0.452000 0.886667 0.124000 0.093333
0 0.453000 0.962667 0.122000 0.064000
0 0.580000 0.957333 0.124000 0.064000
104 0.533000 0.304000 0.082000 0.090667