53 0.499000 0.580060 0.998000 0.827795
21 0.132000 0.466767 0.104000 0.432024
7 0.499000 0.740181 0.998000 0.519637
12 0.234000 0.566465 0.024000 0.033233
12 0.911000 0.341390 0.022000 0.024169
12 0.899000 0.356495 0.022000 0.018127
61 0.832000 0.442598 0.036000 0.099698
63 0.499000 0.770393 0.998000 0.447130
63 0.499000 0.768882 0.998000 0.456193
63 0.499000 0.767372 0.998000 0.459215
9 0.675000 0.441088 0.162000 0.163142
8 0.499000 0.208459 0.998000 0.416918
94 0.456000 0.552870 0.912000 0.815710
52 0.598000 0.274924 0.552000 0.157100
3 0.589000 0.478852 0.590000 0.365559
0 0.028000 0.385196 0.056000 0.160121
43 0.554000 0.432024 0.076000 0.157100
43 0.128000 0.368580 0.064000 0.120846
43 0.357000 0.277946 0.066000 0.078550
104 0.730000 0.521148 0.104000 0.039275
104 0.559000 0.536254 0.098000 0.039275