38 0.324000 0.829333 0.036000 0.042667
64 0.303000 0.974667 0.026000 0.018667
64 0.327000 0.968000 0.030000 0.026667
7 0.498000 0.900000 0.996000 0.194667
16 0.318000 0.769333 0.028000 0.018667
15 0.351000 0.834667 0.014000 0.016000
10 0.313000 0.776000 0.026000 0.026667
113 0.807000 0.313333 0.054000 0.216000
113 0.707000 0.214667 0.066000 0.216000
82 0.310000 0.916000 0.032000 0.093333
1 0.326000 0.870667 0.076000 0.221333
6 0.046000 0.756000 0.040000 0.136000
6 0.069000 0.754667 0.038000 0.138667
66 0.313000 0.888000 0.046000 0.069333
8 0.499000 0.318667 0.998000 0.637333
2 0.490000 0.401333 0.352000 0.802667
2 0.180000 0.396000 0.360000 0.792000