67 0.174000 0.563253 0.160000 0.421687
95 0.538000 0.923193 0.068000 0.069277
6 0.510000 0.362952 0.068000 0.213855
6 0.579000 0.302711 0.034000 0.099398
6 0.359000 0.414157 0.062000 0.195783
6 0.848000 0.498494 0.308000 0.996988
6 0.559000 0.299699 0.010000 0.081325
6 0.419000 0.439759 0.110000 0.337349
6 0.721000 0.259036 0.034000 0.102410
13 0.633000 0.287651 0.030000 0.141566
55 0.501000 0.638554 0.994000 0.716867
4 0.847000 0.415663 0.310000 0.518072
9 0.621000 0.183735 0.038000 0.054217
50 0.736000 0.935241 0.136000 0.105422
2 0.632000 0.112952 0.128000 0.225904