128 0.176000 0.708955 0.032000 0.119403
30 0.544000 0.664179 0.060000 0.134328
30 0.492000 0.641791 0.056000 0.119403
8 0.501000 0.500000 1.002000 1.000000
59 0.672000 0.604478 0.180000 0.089552
59 0.262000 0.406716 0.044000 0.052239
59 0.177000 0.380597 0.034000 0.059701
59 0.444000 0.727612 0.044000 0.037313
59 0.795000 0.417910 0.038000 0.059701
59 0.888000 0.425373 0.044000 0.044776
41 0.198000 0.503731 0.088000 0.291045
41 0.794000 0.552239 0.076000 0.328358
0 0.627000 0.552239 0.082000 0.074627
135 0.787000 0.544776 0.070000 0.313433
135 0.701000 0.712687 0.146000 0.067164
135 0.322000 0.630597 0.220000 0.082090