89 0.098000 0.549699 0.156000 0.087349
21 0.316000 0.310241 0.144000 0.536145
31 0.499000 0.784639 0.998000 0.424699
79 0.485000 0.462349 0.018000 0.015060
79 0.484000 0.445783 0.016000 0.012048
79 0.505000 0.481928 0.014000 0.018072
7 0.499000 0.780120 0.998000 0.439759
14 0.319000 0.457831 0.022000 0.144578
14 0.360000 0.450301 0.032000 0.135542
71 0.846000 0.171687 0.100000 0.174699
93 0.662000 0.432229 0.092000 0.075301
90 0.095000 0.548193 0.150000 0.078313
18 0.517000 0.612952 0.150000 0.219880
18 0.331000 0.450301 0.090000 0.159639
3 0.859000 0.375000 0.282000 0.750000
0 0.326000 0.200301 0.132000 0.268072