38 0.158000 0.650602 0.052000 0.156627
38 0.675000 0.606928 0.090000 0.141566
15 0.374000 0.774096 0.036000 0.048193
45 0.220000 0.503012 0.064000 0.048193
45 0.090000 0.549699 0.032000 0.039157
10 0.650000 0.477410 0.068000 0.105422
10 0.405000 0.515060 0.062000 0.114458
1 0.777000 0.698795 0.114000 0.451807
1 0.106000 0.667169 0.064000 0.268072
1 0.188000 0.731928 0.132000 0.518072
1 0.372000 0.733434 0.140000 0.533133
1 0.267000 0.724398 0.066000 0.316265
27 0.961000 0.709337 0.078000 0.575301
4 0.561000 0.679217 0.054000 0.219880
4 0.049000 0.667169 0.098000 0.225904
4 0.196000 0.646084 0.100000 0.225904
66 0.204000 0.798193 0.096000 0.126506
9 0.466000 0.528614 0.072000 0.087349
23 0.054000 0.722892 0.108000 0.548193