38 0.530000 0.779940 0.136000 0.278443
5 0.445000 0.380240 0.358000 0.335329
96 0.668000 0.534431 0.052000 0.032934
138 0.462000 0.943114 0.044000 0.077844
138 0.926000 0.875749 0.068000 0.056886
11 0.883000 0.711078 0.234000 0.176647
16 0.671000 0.531437 0.130000 0.164671
6 0.701000 0.721557 0.526000 0.556886
55 0.518000 0.770958 0.760000 0.458084
51 0.537000 0.309880 0.054000 0.068862
4 0.662000 0.800898 0.092000 0.398204
2 0.079000 0.294910 0.158000 0.589820
2 0.184000 0.452096 0.052000 0.155689
0 0.500000 0.407186 0.008000 0.023952
0 0.495000 0.387725 0.018000 0.008982
0 0.469000 0.405689 0.010000 0.020958