86 0.363000 0.664634 0.662000 0.658537
44 0.433000 0.428354 0.070000 0.100610
44 0.809000 0.315549 0.026000 0.039634
44 0.575000 0.178354 0.066000 0.100610
44 0.773000 0.525915 0.050000 0.057927
44 0.100000 0.173780 0.088000 0.128049
44 0.530000 0.304878 0.060000 0.060976
44 0.322000 0.135671 0.096000 0.112805
44 0.462000 0.198171 0.140000 0.134146
44 0.302000 0.332317 0.044000 0.079268
44 0.214000 0.251524 0.068000 0.094512
44 0.707000 0.611280 0.094000 0.198171
44 0.617000 0.407012 0.086000 0.112805
44 0.367000 0.108232 0.074000 0.118902
57 0.308000 0.600610 0.144000 0.054878
11 0.500000 0.548780 1.000000 0.896341
7 0.499000 0.556402 0.998000 0.887195
46 0.465000 0.471037 0.030000 0.039634
28 0.364000 0.803354 0.664000 0.387195