11 0.499000 0.843056 0.998000 0.302778
7 0.499000 0.840278 0.998000 0.308333
16 0.186000 0.223611 0.068000 0.086111
15 0.305000 0.184722 0.038000 0.052778
114 0.710000 0.502778 0.440000 0.811111
114 0.470000 0.476389 0.452000 0.875000
14 0.448000 0.680556 0.044000 0.294444
14 0.545000 0.690278 0.070000 0.336111
14 0.617000 0.694444 0.070000 0.322222
14 0.699000 0.673611 0.054000 0.247222
14 0.376000 0.683333 0.060000 0.255556
14 0.891000 0.650000 0.066000 0.411111
14 0.793000 0.659722 0.138000 0.391667
1 0.235000 0.508333 0.190000 0.705556
4 0.218000 0.362500 0.160000 0.213889
41 0.835000 0.477778 0.098000 0.377778
41 0.612000 0.447222 0.092000 0.422222