134 0.193000 0.596000 0.302000 0.370667
134 0.611000 0.710667 0.602000 0.498667
36 0.296000 0.664000 0.084000 0.160000
11 0.499000 0.720000 0.998000 0.554667
7 0.498000 0.697333 0.996000 0.600000
14 0.563000 0.766667 0.038000 0.173333
14 0.289000 0.746667 0.034000 0.037333
14 0.107000 0.637333 0.038000 0.128000
14 0.153000 0.662667 0.058000 0.109333
14 0.592000 0.777333 0.052000 0.136000
14 0.812000 0.837333 0.076000 0.122667
14 0.876000 0.836000 0.048000 0.205333
14 0.238000 0.690667 0.032000 0.144000
41 0.079000 0.460000 0.082000 0.082667