115 0.442000 0.716851 0.084000 0.091160
37 0.130000 0.077348 0.044000 0.044199
127 0.289000 0.337017 0.090000 0.160221
92 0.577000 0.360497 0.054000 0.063536
92 0.442000 0.198895 0.076000 0.082873
1 0.695000 0.500000 0.226000 0.458564
1 0.284000 0.378453 0.404000 0.569061
29 0.271000 0.524862 0.282000 0.254144
27 0.539000 0.541436 0.246000 0.425414
4 0.592000 0.497238 0.140000 0.232044
4 0.693000 0.389503 0.170000 0.143646
8 0.499000 0.222376 0.998000 0.444751
72 0.499000 0.658840 0.998000 0.682320