126 0.207000 0.299699 0.414000 0.207831
117 0.241000 0.709337 0.078000 0.141566
117 0.483000 0.706325 0.106000 0.129518
117 0.731000 0.581325 0.102000 0.271084
117 0.381000 0.656627 0.126000 0.228916
10 0.322000 0.658133 0.020000 0.027108
78 0.365000 0.609940 0.050000 0.087349
63 0.488000 0.890060 0.084000 0.033133
63 0.638000 0.774096 0.044000 0.024096
63 0.725000 0.748494 0.046000 0.033133
2 0.555000 0.183735 0.358000 0.367470
28 0.413000 0.793675 0.826000 0.412651
137 0.691000 0.692771 0.062000 0.066265