21 0.545000 0.451562 0.062000 0.184375
21 0.131000 0.464062 0.110000 0.503125
32 0.683000 0.401562 0.006000 0.053125
32 0.577000 0.464062 0.006000 0.184375
32 0.199000 0.495312 0.026000 0.440625
32 0.062000 0.492188 0.024000 0.421875
32 0.515000 0.420312 0.006000 0.096875
12 0.594000 0.659375 0.072000 0.068750
30 0.591000 0.695312 0.126000 0.171875
94 0.611000 0.462500 0.462000 0.381250
94 0.585000 0.465625 0.334000 0.475000
0 0.543000 0.407813 0.042000 0.115625
0 0.305000 0.368750 0.106000 0.275000
0 0.719000 0.407813 0.038000 0.090625
0 0.138000 0.375000 0.084000 0.256250