83 0.682000 0.746914 0.084000 0.129630
21 0.125000 0.563272 0.250000 0.515432
91 0.538000 0.635802 0.492000 0.728395
7 0.208000 0.115741 0.188000 0.132716
7 0.172000 0.243827 0.072000 0.333333
16 0.375000 0.358025 0.102000 0.160494
32 0.405000 0.520062 0.194000 0.058642
42 0.464000 0.669753 0.352000 0.456790
103 0.664000 0.853395 0.244000 0.293210
143 0.072000 0.483025 0.032000 0.033951
22 0.429000 0.898148 0.030000 0.049383
22 0.396000 0.825617 0.060000 0.145062
22 0.738000 0.771605 0.200000 0.370370
1 0.544000 0.641975 0.496000 0.716049
29 0.662000 0.850309 0.244000 0.299383
52 0.355000 0.492284 0.290000 0.780864
23 0.540000 0.638889 0.508000 0.716049