74 0.897000 0.958667 0.078000 0.066667
31 0.726000 0.881333 0.544000 0.242667
122 0.580000 0.360000 0.148000 0.224000
57 0.841000 0.530667 0.042000 0.096000
96 0.234000 0.225333 0.072000 0.034667
7 0.909000 0.849333 0.178000 0.098667
102 0.796000 0.329333 0.156000 0.280000
1 0.330000 0.574667 0.404000 0.856000
6 0.796000 0.565333 0.236000 0.240000
6 0.605000 0.642667 0.410000 0.709333
71 0.581000 0.356000 0.142000 0.210667
4 0.758000 0.577333 0.144000 0.146667
3 0.497000 0.494667 0.994000 0.989333