88 0.439000 0.651934 0.790000 0.685083
20 0.731000 0.261050 0.174000 0.096685
20 0.898000 0.291436 0.148000 0.168508
20 0.857000 0.279006 0.106000 0.110497
33 0.228000 0.483425 0.216000 0.281768
33 0.695000 0.388122 0.150000 0.168508
33 0.199000 0.345304 0.114000 0.127072
11 0.568000 0.629834 0.676000 0.723757
107 0.222000 0.167127 0.360000 0.290055
107 0.537000 0.201657 0.166000 0.138122
12 0.867000 0.301105 0.026000 0.016575
6 0.901000 0.310773 0.046000 0.146409
55 0.621000 0.540055 0.386000 0.466851
60 0.888000 0.650552 0.208000 0.698895
60 0.801000 0.319061 0.390000 0.113260
17 0.180000 0.153315 0.360000 0.306630
125 0.876000 0.198895 0.068000 0.044199
125 0.729000 0.261050 0.162000 0.091160