20 0.916000 0.796000 0.168000 0.408000
20 0.702000 0.660000 0.256000 0.216000
21 0.604000 0.666667 0.044000 0.069333
19 0.394000 0.218667 0.008000 0.021333
25 0.388000 0.236000 0.008000 0.008000
117 0.413000 0.410667 0.110000 0.437333
10 0.381000 0.229333 0.046000 0.080000
14 0.434000 0.536000 0.016000 0.138667
12 0.805000 0.656000 0.042000 0.032000
85 0.678000 0.662667 0.052000 0.034667
75 0.588000 0.616000 0.012000 0.016000
75 0.861000 0.744000 0.038000 0.042667
70 0.360000 0.269333 0.012000 0.010667
78 0.418000 0.318667 0.044000 0.152000
34 0.744000 0.657333 0.060000 0.024000
55 0.637000 0.768000 0.726000 0.464000
76 0.592000 0.708000 0.028000 0.061333
76 0.642000 0.726667 0.032000 0.082667
17 0.229000 0.500000 0.458000 1.000000
0 0.723000 0.590667 0.142000 0.056000