129 0.922667 0.666000 0.154667 0.152000
33 0.070667 0.427000 0.114667 0.166000
80 0.069333 0.562000 0.138667 0.052000
57 0.473333 0.541000 0.461333 0.714000
57 0.301333 0.472000 0.309333 0.472000
57 0.337333 0.427000 0.173333 0.254000
57 0.574667 0.463000 0.200000 0.294000
57 0.557333 0.500000 0.885333 1.000000
13 0.976000 0.410000 0.053333 0.168000
13 0.792000 0.315000 0.218667 0.630000
8 0.500000 0.207000 1.000000 0.414000
18 0.500000 0.726000 1.000000 0.548000
18 0.550667 0.447000 0.392000 0.078000