97 0.263000 0.884000 0.498000 0.232000
97 0.892000 0.276000 0.216000 0.264000
97 0.618000 0.238000 0.064000 0.084000
97 0.752000 0.749000 0.496000 0.326000
97 0.027000 0.076000 0.054000 0.056000
89 0.252000 0.583000 0.300000 0.250000
36 0.768000 0.727000 0.460000 0.266000
36 0.448000 0.060000 0.068000 0.100000
140 0.499000 0.331000 0.038000 0.034000
96 0.455000 0.039000 0.082000 0.026000
15 0.390000 0.649000 0.128000 0.066000
15 0.319000 0.908000 0.150000 0.120000
15 0.811000 0.714000 0.206000 0.036000
15 0.539000 0.283000 0.042000 0.050000
15 0.483000 0.338000 0.074000 0.048000
1 0.440000 0.336000 0.248000 0.672000
70 0.451000 0.083000 0.030000 0.022000
90 0.076000 0.109000 0.152000 0.066000
9 0.928000 0.079000 0.144000 0.058000
18 0.467000 0.833000 0.934000 0.334000
3 0.763000 0.359000 0.142000 0.458000