19 0.269000 0.415916 0.102000 0.141141
110 0.611000 0.656156 0.614000 0.285285
110 0.313000 0.530030 0.590000 0.525526
110 0.262000 0.405405 0.420000 0.342342
25 0.370000 0.352853 0.024000 0.033033
16 0.721000 0.624625 0.234000 0.138138
63 0.497000 0.180180 0.994000 0.360360
63 0.773000 0.566066 0.454000 0.189189
41 0.067000 0.486486 0.034000 0.192192
84 0.532000 0.439940 0.260000 0.243243
3 0.589000 0.285285 0.814000 0.294294
28 0.852000 0.402402 0.296000 0.150150
28 0.500000 0.756757 1.000000 0.486486