21 0.699000 0.423653 0.066000 0.212575
127 0.122000 0.272455 0.024000 0.029940
119 0.453000 0.501497 0.034000 0.068862
119 0.423000 0.502994 0.034000 0.059880
119 0.376000 0.504491 0.032000 0.038922
141 0.075000 0.211078 0.150000 0.062874
141 0.582000 0.431138 0.440000 0.149701
41 0.212000 0.293413 0.424000 0.485030
41 0.255000 0.541916 0.510000 0.137725
35 0.447000 0.619760 0.046000 0.023952
35 0.783000 0.673653 0.042000 0.023952
0 0.622000 0.363772 0.072000 0.086826
0 0.690000 0.351796 0.056000 0.080838
135 0.323000 0.553892 0.382000 0.107784
135 0.572000 0.266467 0.856000 0.113772