74 0.501000 0.567164 0.982000 0.840796
19 0.604000 0.518657 0.076000 0.062189
19 0.448000 0.597015 0.060000 0.069652
25 0.472000 0.740050 0.040000 0.047264
26 0.498000 0.078358 0.992000 0.151741
11 0.499000 0.090796 0.998000 0.151741
11 0.356000 0.860697 0.712000 0.238806
7 0.499000 0.544776 0.990000 0.895522
14 0.296000 0.628109 0.060000 0.360697
78 0.466000 0.447761 0.252000 0.373134
30 0.514000 0.856965 0.056000 0.047264
30 0.548000 0.799751 0.032000 0.057214
141 0.377000 0.322139 0.030000 0.032338
41 0.073000 0.315920 0.110000 0.074627
137 0.681000 0.410448 0.434000 0.781095
137 0.377000 0.467662 0.514000 0.825871