86 0.190000 0.532000 0.084000 0.056000
123 0.790000 0.468000 0.248000 0.226667
33 0.269000 0.430667 0.210000 0.146667
106 0.587000 0.908000 0.274000 0.189333
31 0.500000 0.778667 1.000000 0.448000
32 0.734000 0.470667 0.008000 0.024000
107 0.499000 0.502667 0.998000 1.005333
102 0.922000 0.332000 0.072000 0.317333
102 0.247000 0.278667 0.042000 0.194667
90 0.822000 0.301333 0.196000 0.032000
90 0.557000 0.305333 0.270000 0.040000
90 0.828000 0.226667 0.200000 0.026667
90 0.821000 0.221333 0.202000 0.016000
0 0.098000 0.305333 0.196000 0.349333