83 0.562000 0.553333 0.072000 0.216000
83 0.486000 0.602667 0.080000 0.208000
33 0.649000 0.457333 0.106000 0.301333
140 0.287000 0.314667 0.058000 0.048000
140 0.215000 0.293333 0.034000 0.058667
127 0.112000 0.037333 0.044000 0.074667
91 0.768000 0.341333 0.464000 0.682667
91 0.255000 0.474667 0.394000 0.928000
16 0.822000 0.306667 0.296000 0.613333
15 0.266000 0.344000 0.132000 0.160000
107 0.234000 0.126667 0.468000 0.253333
107 0.740000 0.130667 0.520000 0.261333
111 0.906000 0.750667 0.112000 0.082667
132 0.425000 0.896000 0.198000 0.208000
132 0.814000 0.701333 0.268000 0.160000
132 0.677000 0.638667 0.146000 0.237333
34 0.406000 0.862667 0.464000 0.274667
34 0.724000 0.692000 0.340000 0.200000
4 0.817000 0.476000 0.302000 0.333333
4 0.240000 0.630667 0.224000 0.562667
18 0.531000 0.797333 0.934000 0.410667