74 0.583000 0.871148 0.766000 0.106443
56 0.499000 0.743697 0.998000 0.490196
64 0.568000 0.801120 0.028000 0.061625
138 0.643000 0.707283 0.014000 0.053221
15 0.207000 0.512605 0.026000 0.022409
61 0.821000 0.446779 0.194000 0.114846
1 0.606000 0.698880 0.120000 0.277311
1 0.556000 0.334734 0.060000 0.064426
1 0.136000 0.309524 0.056000 0.086835
1 0.968000 0.152661 0.056000 0.176471
29 0.274000 0.515406 0.084000 0.168067
34 0.605000 0.837535 0.090000 0.011204
4 0.972000 0.141457 0.056000 0.092437
48 0.570000 0.802521 0.028000 0.064426
48 0.266000 0.600840 0.040000 0.019608
112 0.271000 0.572829 0.034000 0.042017
59 0.265000 0.497199 0.054000 0.120448