5 0.935000 0.409333 0.074000 0.045333
58 0.493000 0.172000 0.370000 0.280000
26 0.624000 0.542667 0.744000 0.120000
64 0.378000 0.738667 0.032000 0.032000
64 0.354000 0.744000 0.020000 0.026667
15 0.430000 0.477333 0.016000 0.016000
10 0.349000 0.434667 0.050000 0.053333
69 0.454000 0.134667 0.032000 0.040000
69 0.632000 0.161333 0.048000 0.056000
27 0.522000 0.585333 0.404000 0.349333
6 0.704000 0.497333 0.040000 0.104000
6 0.380000 0.586667 0.124000 0.357333
51 0.351000 0.330667 0.046000 0.026667
24 0.380000 0.742667 0.196000 0.045333
66 0.701000 0.501333 0.018000 0.016000
8 0.497000 0.150667 0.494000 0.296000
81 0.350000 0.506667 0.060000 0.112000
17 0.632000 0.342667 0.160000 0.258667
17 0.507000 0.349333 0.182000 0.298667
17 0.269000 0.320000 0.114000 0.250667