115 0.545000 0.858667 0.906000 0.288000
54 0.549000 0.565333 0.058000 0.266667
86 0.781000 0.686667 0.214000 0.173333
140 0.311000 0.244000 0.074000 0.098667
140 0.797000 0.366667 0.054000 0.072000
140 0.235000 0.404000 0.050000 0.077333
140 0.335000 0.498667 0.038000 0.048000
140 0.641000 0.329333 0.042000 0.050667
80 0.807000 0.326667 0.038000 0.029333
80 0.686000 0.842667 0.220000 0.192000
80 0.657000 0.310667 0.014000 0.018667
57 0.272000 0.692000 0.080000 0.168000
57 0.669000 0.634667 0.038000 0.106667
57 0.701000 0.550667 0.066000 0.109333
57 0.277000 0.573333 0.066000 0.080000
57 0.386000 0.629333 0.104000 0.282667
15 0.631000 0.345333 0.062000 0.082667
12 0.851000 0.168000 0.102000 0.090667
1 0.707000 0.386667 0.262000 0.570667
1 0.176000 0.518667 0.352000 0.962667
1 0.883000 0.340000 0.230000 0.680000
6 0.408000 0.388000 0.188000 0.520000
132 0.569000 0.862667 0.618000 0.258667
4 0.131000 0.393333 0.262000 0.397333
4 0.893000 0.386667 0.214000 0.485333
18 0.586000 0.832000 0.828000 0.330667
3 0.763000 0.058667 0.066000 0.117333