121 0.272000 0.502667 0.112000 0.130667
5 0.390000 0.588000 0.268000 0.664000
20 0.854000 0.874667 0.096000 0.090667
58 0.571000 0.464000 0.142000 0.069333
37 0.242000 0.096000 0.260000 0.154667
37 0.784000 0.497333 0.428000 0.658667
26 0.390000 0.881333 0.264000 0.082667
31 0.560000 0.654667 0.060000 0.146667
11 0.320000 0.897333 0.640000 0.093333
10 0.586000 0.962667 0.076000 0.074667
8 0.500000 0.418667 1.000000 0.837333
2 0.767000 0.789333 0.090000 0.181333
2 0.559000 0.790667 0.078000 0.136000
2 0.809000 0.804000 0.062000 0.114667
2 0.495000 0.774667 0.078000 0.157333
2 0.106000 0.746667 0.116000 0.218667
2 0.312000 0.714667 0.092000 0.272000