33 0.028000 0.666667 0.056000 0.576577
21 0.577000 0.270270 0.098000 0.540541
102 0.651000 0.282282 0.062000 0.126126
102 0.736000 0.229730 0.032000 0.039039
69 0.471000 0.279279 0.142000 0.558559
71 0.175000 0.133634 0.106000 0.159159
71 0.056000 0.123123 0.112000 0.168168
71 0.286000 0.136637 0.096000 0.147147
93 0.813000 0.518018 0.126000 0.183183
93 0.751000 0.400901 0.122000 0.111111
93 0.714000 0.475976 0.120000 0.159159
93 0.932000 0.572072 0.136000 0.195195
3 0.275000 0.319820 0.546000 0.633634