38 0.339000 0.520000 0.038000 0.101333
38 0.104000 0.601333 0.024000 0.114667
128 0.939000 0.601333 0.122000 0.232000
5 0.500000 0.396000 1.000000 0.792000
101 0.078000 0.445333 0.060000 0.037333
136 0.498000 0.078667 0.992000 0.157333
7 0.500000 0.913333 1.000000 0.173333
15 0.970000 0.613333 0.028000 0.032000
15 0.956000 0.668000 0.028000 0.040000
10 0.911000 0.473333 0.050000 0.061333
10 0.597000 0.466667 0.034000 0.032000
10 0.353000 0.417333 0.038000 0.061333
10 0.074000 0.460000 0.048000 0.072000
10 0.711000 0.476000 0.034000 0.045333
82 0.618000 0.686667 0.036000 0.152000
12 0.991000 0.222667 0.018000 0.018667
1 0.927000 0.672000 0.134000 0.453333
1 0.354000 0.625333 0.096000 0.472000
1 0.058000 0.685333 0.116000 0.517333
1 0.611000 0.613333 0.106000 0.325333
27 0.755000 0.601333 0.138000 0.338667
6 0.791000 0.597333 0.066000 0.202667
120 0.449000 0.510667 0.058000 0.066667
90 0.464000 0.548000 0.024000 0.013333
9 0.704000 0.293333 0.140000 0.080000
60 0.500000 0.882667 1.000000 0.234667