38 0.389000 0.462000 0.038000 0.080000
33 0.229000 0.593000 0.278000 0.286000
91 0.267000 0.497000 0.178000 0.674000
91 0.433000 0.528000 0.130000 0.388000
91 0.731000 0.495000 0.178000 0.674000
91 0.357000 0.529000 0.110000 0.362000
7 0.557000 0.738000 0.090000 0.164000
16 0.269000 0.253000 0.170000 0.190000
103 0.257000 0.644000 0.118000 0.320000
103 0.740000 0.644000 0.160000 0.308000
69 0.137000 0.159000 0.058000 0.054000
4 0.116000 0.365000 0.092000 0.146000
4 0.359000 0.488000 0.074000 0.144000
4 0.735000 0.395000 0.158000 0.210000
4 0.244000 0.384000 0.132000 0.240000
18 0.855000 0.414000 0.278000 0.148000
52 0.831000 0.162000 0.334000 0.084000
23 0.115000 0.437000 0.094000 0.386000
23 0.929000 0.531000 0.142000 0.394000