20 0.431000 0.546547 0.538000 0.306306
45 0.575000 0.342342 0.022000 0.024024
45 0.842000 0.460961 0.044000 0.039039
45 0.211000 0.354354 0.026000 0.036036
107 0.135000 0.085586 0.270000 0.171171
107 0.485000 0.061562 0.302000 0.123123
107 0.905000 0.099099 0.182000 0.192192
107 0.708000 0.084084 0.192000 0.168168
107 0.397000 0.226727 0.734000 0.381381
42 0.841000 0.534535 0.102000 0.186186
42 0.031000 0.623123 0.062000 0.387387
42 0.583000 0.423423 0.078000 0.114114
42 0.202000 0.451952 0.108000 0.153153
1 0.581000 0.408408 0.082000 0.156156
1 0.390000 0.466967 0.056000 0.087087
1 0.840000 0.630631 0.104000 0.408408
1 0.031000 0.639640 0.062000 0.558559
1 0.201000 0.527027 0.122000 0.387387
55 0.496000 0.749249 0.992000 0.423423
109 0.385000 0.195195 0.034000 0.018018
76 0.375000 0.306306 0.066000 0.120120
76 0.474000 0.300300 0.068000 0.126126
76 0.231000 0.624625 0.062000 0.096096
76 0.521000 0.638138 0.078000 0.117117
2 0.831000 0.210210 0.158000 0.300300
0 0.309000 0.459459 0.094000 0.084084
0 0.533000 0.027027 0.030000 0.054054
0 0.653000 0.250751 0.030000 0.105105
0 0.501000 0.034535 0.014000 0.045045
0 0.480000 0.025526 0.024000 0.045045
0 0.438000 0.036036 0.024000 0.060060
0 0.402000 0.036036 0.040000 0.060060
0 0.574000 0.027027 0.020000 0.054054
0 0.673000 0.073574 0.030000 0.081081
0 0.730000 0.082583 0.028000 0.087087
0 0.929000 0.046547 0.058000 0.039039
0 0.194000 0.093093 0.016000 0.024024