5 0.236000 0.593373 0.468000 0.813253
47 0.429000 0.549699 0.030000 0.093373
47 0.332000 0.593373 0.024000 0.072289
47 0.375000 0.581325 0.022000 0.072289
47 0.562000 0.509036 0.020000 0.090361
47 0.534000 0.528614 0.024000 0.075301
47 0.301000 0.591867 0.034000 0.099398
47 0.505000 0.537651 0.026000 0.075301
47 0.375000 0.579819 0.022000 0.075301
119 0.427000 0.552711 0.290000 0.177711
12 0.154000 0.335843 0.084000 0.105422
85 0.234000 0.323795 0.248000 0.177711
75 0.314000 0.807229 0.244000 0.385542
13 0.397000 0.555723 0.062000 0.888554
13 0.596000 0.390060 0.804000 0.147590
9 0.427000 0.548193 0.374000 0.319277
0 0.339000 0.905120 0.082000 0.123494
0 0.240000 0.962349 0.080000 0.075301
0 0.334000 0.975904 0.076000 0.048193
0 0.291000 0.894578 0.182000 0.210843
0 0.244000 0.867470 0.092000 0.156627