88 0.514000 0.827327 0.384000 0.171171
83 0.075000 0.761261 0.150000 0.375375
5 0.660000 0.451952 0.412000 0.183183
20 0.572000 0.533033 0.192000 0.093093
21 0.615000 0.456456 0.030000 0.090090
11 0.581000 0.705706 0.814000 0.276276
7 0.769000 0.944444 0.170000 0.111111
107 0.189000 0.447447 0.210000 0.204204
12 0.553000 0.451952 0.022000 0.039039
85 0.710000 0.436937 0.016000 0.051051
13 0.462000 0.487988 0.032000 0.189189
24 0.460000 0.918919 0.428000 0.066066
60 0.413000 0.558559 0.826000 0.060060
2 0.904000 0.345345 0.176000 0.396396
2 0.672000 0.402402 0.276000 0.240240
2 0.357000 0.393393 0.170000 0.276276
84 0.889000 0.253754 0.054000 0.489489
84 0.498000 0.530030 0.044000 0.081081
0 0.586000 0.510511 0.032000 0.030030
0 0.176000 0.463964 0.052000 0.045045
0 0.550000 0.447447 0.036000 0.066066
43 0.511000 0.512012 0.058000 0.027027