68 0.648000 0.069333 0.040000 0.117333
68 0.448000 0.126667 0.056000 0.152000
68 0.754000 0.021333 0.044000 0.037333
68 0.607000 0.084000 0.054000 0.125333
31 0.498000 0.537333 0.996000 0.920000
7 0.777000 0.369333 0.082000 0.120000
7 0.445000 0.897333 0.206000 0.114667
118 0.279000 0.405333 0.066000 0.133333
29 0.519000 0.190667 0.094000 0.248000
27 0.521000 0.161333 0.154000 0.322667
6 0.602000 0.116000 0.052000 0.232000
6 0.643000 0.102667 0.066000 0.205333
6 0.377000 0.152000 0.090000 0.304000
6 0.780000 0.049333 0.032000 0.098667
13 0.441000 0.206667 0.018000 0.162667
109 0.781000 0.405333 0.282000 0.154667
4 0.515000 0.037333 0.102000 0.074667
35 0.784000 0.614667 0.244000 0.317333
104 0.130000 0.309333 0.124000 0.240000