101 0.664000 0.152000 0.096000 0.076000
130 0.429333 0.270000 0.325333 0.248000
96 0.400000 0.111000 0.080000 0.026000
7 0.500000 0.678000 1.000000 0.640000
15 0.297333 0.319000 0.024000 0.034000
45 0.400000 0.088000 0.090667 0.048000
42 0.673333 0.324000 0.216000 0.248000
42 0.469333 0.328000 0.245333 0.208000
108 0.516000 0.757000 0.936000 0.354000
1 0.401333 0.377000 0.370667 0.626000
29 0.508000 0.543000 0.488000 0.330000
27 0.497333 0.413000 0.568000 0.698000
8 0.502667 0.104000 0.989333 0.204000
17 0.497333 0.190000 0.994667 0.380000
23 0.469333 0.430000 0.250667 0.580000