74 0.606667 0.958000 0.290667 0.084000
110 0.588000 0.553000 0.354667 0.566000
36 0.326667 0.487000 0.050667 0.086000
64 0.608000 0.807000 0.112000 0.062000
7 0.500000 0.708000 1.000000 0.584000
15 0.281333 0.616000 0.066667 0.064000
10 0.882667 0.398000 0.085333 0.080000
10 0.280000 0.314000 0.096000 0.092000
1 0.873333 0.633000 0.253333 0.542000
29 0.274667 0.736000 0.176000 0.320000
13 0.781333 0.649000 0.437333 0.098000
4 0.261333 0.479000 0.229333 0.230000
4 0.882667 0.552000 0.234667 0.232000
8 0.500000 0.141000 1.000000 0.282000
59 0.881333 0.554000 0.237333 0.236000
84 0.637333 0.521000 0.250667 0.210000