53 0.498734 0.295000 0.997468 0.590000
121 0.725316 0.156000 0.321519 0.240000
21 0.151899 0.482000 0.293671 0.960000
19 0.172152 0.314000 0.091139 0.072000
25 0.292405 0.307000 0.053165 0.026000
36 0.263291 0.339000 0.146835 0.114000
31 0.451899 0.930000 0.129114 0.108000
10 0.259494 0.358000 0.265823 0.160000
10 0.769620 0.072000 0.060759 0.080000
14 0.494937 0.516000 0.301266 0.204000
70 0.344304 0.360000 0.081013 0.080000
30 0.375949 0.323000 0.022785 0.022000
24 0.221519 0.898000 0.169620 0.196000
2 0.765823 0.485000 0.463291 0.950000
0 0.494937 0.295000 0.093671 0.138000
135 0.843038 0.212000 0.096203 0.144000