54 0.498489 0.831000 0.138973 0.310000
33 0.919940 0.795000 0.154079 0.174000
33 0.200906 0.703000 0.401813 0.170000
57 0.362538 0.836000 0.157100 0.212000
57 0.368580 0.769000 0.138973 0.186000
32 0.518127 0.247000 0.045317 0.186000
32 0.507553 0.432000 0.048338 0.168000
143 0.667674 0.496000 0.036254 0.028000
143 0.752266 0.491000 0.036254 0.026000
143 0.827795 0.491000 0.036254 0.026000
143 0.708459 0.494000 0.033233 0.028000
143 0.971299 0.483000 0.033233 0.026000
102 0.962236 0.241000 0.075529 0.054000
34 0.675227 0.791000 0.450151 0.178000
18 0.498489 0.861000 0.996979 0.278000
3 0.456193 0.162000 0.912387 0.324000