134 0.328000 0.612000 0.544000 0.456000
19 0.574000 0.510667 0.052000 0.066667
25 0.495000 0.514667 0.018000 0.021333
36 0.519000 0.533333 0.090000 0.165333
56 0.499000 0.701333 0.998000 0.592000
11 0.500000 0.888000 1.000000 0.224000
7 0.798000 0.734667 0.396000 0.530667
10 0.516000 0.530667 0.168000 0.202667
82 0.397000 0.772000 0.110000 0.125333
70 0.534000 0.618667 0.032000 0.016000
30 0.544000 0.602667 0.036000 0.026667
24 0.770000 0.588000 0.420000 0.125333
41 0.077000 0.632000 0.050000 0.208000
17 0.500000 0.197333 1.000000 0.394667