38 0.801000 0.336336 0.042000 0.246246
38 0.657000 0.325826 0.070000 0.243243
19 0.736000 0.135135 0.016000 0.024024
25 0.771000 0.127628 0.010000 0.009009
16 0.750000 0.112613 0.056000 0.087087
15 0.631000 0.503003 0.022000 0.063063
15 0.816000 0.516517 0.024000 0.084084
10 0.755000 0.129129 0.062000 0.120120
14 0.762000 0.608108 0.044000 0.369369
14 0.679000 0.686186 0.054000 0.087087
61 0.606000 0.276276 0.064000 0.162162
1 0.725000 0.435435 0.206000 0.732733
30 0.779000 0.142643 0.014000 0.027027
66 0.758000 0.500000 0.056000 0.177177