77 0.322000 0.681402 0.228000 0.192073
5 0.111000 0.588415 0.126000 0.152439
79 0.090000 0.439024 0.072000 0.048780
107 0.652000 0.400915 0.068000 0.118902
107 0.059000 0.297256 0.118000 0.417683
1 0.279000 0.629573 0.022000 0.082317
27 0.190000 0.532012 0.016000 0.051829
98 0.321000 0.772866 0.210000 0.143293
98 0.598000 0.597561 0.252000 0.189024
9 0.183000 0.614329 0.038000 0.045732
60 0.298000 0.545732 0.092000 0.158537
17 0.458000 0.350610 0.128000 0.158537
125 0.031000 0.556402 0.062000 0.112805
52 0.198000 0.474085 0.076000 0.033537
28 0.674000 0.809451 0.412000 0.137195
0 0.073000 0.407012 0.042000 0.076220