21 0.654000 0.587189 0.036000 0.220641
32 0.662000 0.649466 0.012000 0.032028
47 0.770000 0.615658 0.128000 0.028470
12 0.157000 0.693950 0.038000 0.042705
40 0.799000 0.953737 0.402000 0.085409
61 0.528000 0.606762 0.028000 0.046263
65 0.262000 0.836299 0.020000 0.035587
51 0.655000 0.428826 0.690000 0.110320
9 0.043000 0.539146 0.050000 0.309609
9 0.596000 0.692171 0.044000 0.024911
94 0.539000 0.660142 0.918000 0.558719
3 0.042000 0.597865 0.080000 0.427046
0 0.303000 0.088968 0.102000 0.106762
0 0.394000 0.546263 0.284000 0.145907