86 0.205000 0.899417 0.066000 0.078717
21 0.152000 0.422741 0.304000 0.746356
44 0.325000 0.889213 0.018000 0.017493
44 0.335000 0.867347 0.022000 0.026239
44 0.324000 0.906706 0.020000 0.023324
44 0.308000 0.870262 0.020000 0.020408
7 0.650000 0.339650 0.088000 0.102041
16 0.413000 0.169096 0.094000 0.104956
16 0.547000 0.332362 0.118000 0.221574
12 0.027000 0.243440 0.042000 0.072886
1 0.495000 0.524781 0.334000 0.804665
34 0.352000 0.927114 0.228000 0.145773
34 0.244000 0.845481 0.132000 0.029155
4 0.499000 0.521866 0.326000 0.483965
18 0.267000 0.889213 0.534000 0.221574