128 0.559000 0.716216 0.042000 0.033033
5 0.079000 0.515015 0.158000 0.399399
5 0.416000 0.424925 0.740000 0.621622
126 0.116000 0.707207 0.232000 0.147147
20 0.531000 0.713213 0.098000 0.057057
20 0.348000 0.708709 0.080000 0.054054
20 0.426000 0.717718 0.104000 0.048048
12 0.924000 0.618619 0.024000 0.252252
12 0.877000 0.635135 0.022000 0.213213
40 0.617000 0.815315 0.346000 0.009009
108 0.433000 0.803303 0.698000 0.021021
13 0.824000 0.714715 0.008000 0.162162
62 0.874000 0.711712 0.012000 0.144144
62 0.925000 0.644144 0.014000 0.201201
51 0.876000 0.099099 0.244000 0.186186
49 0.500000 0.854354 1.000000 0.291291
49 0.889000 0.896396 0.226000 0.207207
9 0.822000 0.555556 0.064000 0.096096
60 0.500000 0.867868 1.000000 0.264264
43 0.834000 0.109610 0.020000 0.051051
43 0.526000 0.340841 0.036000 0.087087