5 0.790667 0.523000 0.413333 0.286000
20 0.762667 0.685000 0.368000 0.090000
21 0.829333 0.677000 0.080000 0.070000
26 0.110667 0.656000 0.189333 0.040000
26 0.501333 0.583000 0.144000 0.034000
138 0.376000 0.740000 0.192000 0.232000
32 0.781333 0.674000 0.016000 0.004000
107 0.444000 0.506000 0.328000 0.324000
13 0.360000 0.673000 0.101333 0.654000
49 0.874667 0.974000 0.245333 0.048000
49 0.500000 0.694000 1.000000 0.052000
9 0.401333 0.178000 0.701333 0.356000
60 0.500000 0.848000 1.000000 0.304000
76 0.668000 0.707000 0.050667 0.038000
2 0.186667 0.541000 0.234667 0.234000
84 0.202667 0.636000 0.010667 0.052000
35 0.874667 0.708000 0.048000 0.036000
0 0.502667 0.549000 0.061333 0.054000
0 0.424000 0.432000 0.037333 0.056000
0 0.768000 0.549000 0.042667 0.070000
0 0.845333 0.552000 0.042667 0.064000
0 0.462667 0.433000 0.040000 0.054000
0 0.906667 0.552000 0.080000 0.064000
0 0.724000 0.548000 0.040000 0.068000
0 0.760000 0.658000 0.058667 0.024000
0 0.829333 0.450000 0.085333 0.036000