136 0.680000 0.065000 0.629333 0.130000
122 0.438667 0.165000 0.333333 0.178000
57 0.378667 0.701000 0.069333 0.058000
12 0.586667 0.375000 0.085333 0.086000
12 0.245333 0.349000 0.144000 0.138000
12 0.872000 0.084000 0.186667 0.080000
75 0.436000 0.435000 0.146667 0.438000
124 0.521333 0.842000 0.386667 0.316000
50 0.812000 0.754000 0.093333 0.092000
50 0.820000 0.670000 0.093333 0.088000
50 0.838667 0.971000 0.082667 0.054000
50 0.805333 0.828000 0.096000 0.092000
50 0.914667 0.683000 0.106667 0.102000
50 0.761333 0.978000 0.136000 0.044000
50 0.802667 0.935000 0.122667 0.046000
50 0.908000 0.767000 0.104000 0.090000
50 0.266667 0.823000 0.101333 0.174000
50 0.724000 0.941000 0.114667 0.058000
50 0.724000 0.737000 0.082667 0.090000
50 0.660000 0.984000 0.120000 0.028000
50 0.820000 0.405000 0.264000 0.374000
50 0.660000 0.651000 0.050667 0.082000
50 0.713333 0.820000 0.088000 0.084000
145 0.944000 0.375000 0.106667 0.034000
145 0.945333 0.398000 0.109333 0.020000
3 0.654667 0.294000 0.061333 0.064000
3 0.178667 0.581000 0.080000 0.094000
3 0.740000 0.291000 0.045333 0.070000