105 0.515000 0.462462 0.606000 0.924925
20 0.039000 0.199700 0.078000 0.243243
20 0.050000 0.048048 0.100000 0.096096
57 0.325000 0.267267 0.018000 0.096096
12 0.463000 0.824324 0.030000 0.039039
40 0.008000 0.911411 0.016000 0.171171
40 0.154000 0.049550 0.016000 0.021021
61 0.608000 0.825826 0.032000 0.048048
1 0.800000 0.048048 0.052000 0.096096
75 0.799000 0.563063 0.034000 0.045045
65 0.607000 0.412913 0.082000 0.051051
55 0.500000 0.501502 1.000000 0.990991
24 0.448000 0.735736 0.588000 0.528529
0 0.356000 0.423423 0.016000 0.096096