87 0.334000 0.704478 0.028000 0.041791
136 0.500000 0.322388 1.000000 0.644776
19 0.201000 0.335821 0.110000 0.170149
25 0.340000 0.438806 0.024000 0.023881
147 0.393000 0.443284 0.026000 0.020896
7 0.725000 0.079104 0.198000 0.158209
16 0.678000 0.729851 0.072000 0.110448
12 0.747000 0.570149 0.098000 0.077612
12 0.891000 0.705970 0.102000 0.080597
12 0.536000 0.540299 0.140000 0.143284
12 0.467000 0.220896 0.198000 0.131343
12 0.040000 0.392537 0.080000 0.122388
12 0.930000 0.447761 0.136000 0.095522
85 0.927000 0.549254 0.058000 0.071642
85 0.933000 0.438806 0.134000 0.077612
61 0.323000 0.922388 0.122000 0.155224
30 0.402000 0.514925 0.044000 0.074627
6 0.668000 0.883582 0.196000 0.232836
4 0.278000 0.732836 0.448000 0.283582
3 0.837000 0.753731 0.318000 0.343284
104 0.334000 0.883582 0.092000 0.053731