88 0.024000 0.774000 0.048000 0.040000
5 0.469333 0.506000 0.224000 0.580000
5 0.785333 0.454000 0.424000 0.688000
5 0.314667 0.457000 0.629333 0.674000
33 0.864000 0.791000 0.037333 0.042000
97 0.281333 0.534000 0.205333 0.544000
44 0.950667 0.897000 0.013333 0.018000
44 0.969333 0.892000 0.013333 0.008000
44 0.929333 0.898000 0.018667 0.020000
44 0.974667 0.916000 0.013333 0.008000
44 0.917333 0.905000 0.010667 0.010000
13 0.680000 0.842000 0.037333 0.104000
13 0.484000 0.853000 0.040000 0.122000
13 0.122667 0.801000 0.026667 0.082000
13 0.281333 0.627000 0.082667 0.354000
9 0.465333 0.707000 0.029333 0.010000
9 0.938667 0.724000 0.085333 0.180000
60 0.500000 0.897000 1.000000 0.206000
0 0.086667 0.586000 0.029333 0.096000
0 0.084000 0.449000 0.024000 0.078000
0 0.769333 0.301000 0.056000 0.114000
0 0.530667 0.350000 0.042667 0.104000
0 0.068000 0.730000 0.034667 0.060000
0 0.146667 0.437000 0.026667 0.078000
0 0.084000 0.345000 0.024000 0.058000
0 0.149333 0.330000 0.026667 0.064000