121 0.666168 0.046000 0.044910 0.012000
121 0.482036 0.101000 0.035928 0.010000
130 0.312874 0.477000 0.110778 0.138000
7 0.511976 0.836000 0.964072 0.312000
10 0.311377 0.389000 0.083832 0.062000
113 0.540419 0.426000 0.260479 0.052000
1 0.324850 0.534000 0.146707 0.352000
29 0.309880 0.613000 0.086826 0.146000
27 0.856287 0.565000 0.155689 0.422000
27 0.703593 0.559000 0.191617 0.426000
112 0.323353 0.696000 0.083832 0.028000
49 0.500000 0.875000 1.000000 0.250000
8 0.440120 0.207000 0.580838 0.142000
28 0.498503 0.536000 0.997006 0.244000
35 0.543413 0.666000 0.134731 0.100000