5 0.924000 0.519000 0.152000 0.186000
106 0.314667 0.844000 0.026667 0.060000
91 0.610667 0.777000 0.074667 0.086000
11 0.498667 0.845000 0.997333 0.314000
7 0.498667 0.841000 0.997333 0.318000
15 0.790667 0.775000 0.013333 0.014000
103 0.421333 0.818000 0.042667 0.020000
113 0.286667 0.095000 0.082667 0.030000
1 0.837333 0.829000 0.112000 0.198000
6 0.488000 0.726000 0.010667 0.024000
6 0.433333 0.809000 0.114667 0.034000
4 0.860000 0.792000 0.072000 0.068000
8 0.500000 0.303000 1.000000 0.606000
17 0.500000 0.616000 1.000000 0.188000