38 0.694864 0.297000 0.024169 0.050000
67 0.648036 0.319000 0.117825 0.162000
67 0.496979 0.334000 0.081571 0.144000
95 0.823263 0.132000 0.166163 0.076000
36 0.501511 0.288000 0.024169 0.016000
26 0.500000 0.272000 1.000000 0.208000
64 0.664653 0.394000 0.030211 0.016000
11 0.500000 0.690000 1.000000 0.620000
16 0.501511 0.272000 0.036254 0.020000
15 0.691843 0.317000 0.018127 0.014000
10 0.657100 0.254000 0.033233 0.032000
107 0.865559 0.083000 0.268882 0.166000
42 0.658610 0.294000 0.096677 0.060000
82 0.661631 0.363000 0.030211 0.070000
29 0.489426 0.374000 0.066465 0.064000
4 0.496979 0.318000 0.063444 0.052000
0 0.925982 0.042000 0.081571 0.084000