68 0.296000 0.211078 0.164000 0.170659
116 0.616000 0.185629 0.140000 0.245509
116 0.880000 0.106287 0.052000 0.200599
116 0.963000 0.492515 0.074000 0.434132
57 0.881000 0.107784 0.046000 0.203593
57 0.615000 0.187126 0.142000 0.248503
57 0.917000 0.264970 0.162000 0.529940
57 0.963000 0.492515 0.074000 0.434132
15 0.772000 0.149701 0.104000 0.191617
39 0.523000 0.435629 0.054000 0.110778
6 0.535000 0.121257 0.574000 0.242515
34 0.485000 0.606287 0.738000 0.643713
18 0.520000 0.537425 0.960000 0.925150
28 0.963000 0.564371 0.070000 0.266467
28 0.880000 0.125749 0.044000 0.113772
28 0.607000 0.218563 0.106000 0.173653
23 0.107000 0.206587 0.214000 0.413174