77 0.393000 0.567568 0.050000 0.030030
77 0.320000 0.602102 0.056000 0.063063
77 0.512000 0.423423 0.048000 0.054054
5 0.763000 0.450450 0.474000 0.660661
127 0.916000 0.433934 0.044000 0.057057
79 0.720000 0.872372 0.036000 0.045045
79 0.757000 0.861862 0.038000 0.048048
1 0.886000 0.888889 0.056000 0.120120
29 0.971000 0.875375 0.034000 0.069069
6 0.053000 0.644144 0.038000 0.087087
6 0.359000 0.528529 0.018000 0.066066
13 0.925000 0.438438 0.082000 0.096096
13 0.818000 0.804805 0.012000 0.156156
51 0.251000 0.291291 0.502000 0.366366
4 0.822000 0.603604 0.036000 0.060060
4 0.863000 0.867868 0.030000 0.078078
66 0.721000 0.744745 0.026000 0.024024
8 0.500000 0.132132 1.000000 0.264264
18 0.088000 0.653153 0.048000 0.057057
81 0.898000 0.803303 0.036000 0.057057
52 0.748000 0.596096 0.128000 0.069069
52 0.817000 0.686186 0.170000 0.093093
28 0.391000 0.674174 0.782000 0.645646
23 0.896000 0.818318 0.036000 0.165165
23 0.974000 0.858859 0.044000 0.198198