54 0.231000 0.276000 0.062000 0.226667
54 0.517000 0.288000 0.058000 0.208000
101 0.236000 0.166667 0.028000 0.018667
80 0.492000 0.669333 0.612000 0.453333
7 0.690000 0.312000 0.048000 0.048000
15 0.051000 0.617333 0.070000 0.066667
142 0.182000 0.372000 0.088000 0.093333
6 0.659000 0.244000 0.254000 0.488000
6 0.888000 0.426667 0.220000 0.848000
6 0.494000 0.162667 0.212000 0.320000
6 0.091000 0.501333 0.182000 1.002667
4 0.678000 0.236000 0.188000 0.376000
4 0.530000 0.126667 0.164000 0.253333
18 0.485000 0.554667 0.950000 0.901333