53 0.495000 0.294667 0.990000 0.589333
100 0.356000 0.192000 0.360000 0.186667
105 0.728000 0.596000 0.324000 0.210667
105 0.345000 0.610667 0.446000 0.362667
20 0.262000 0.809333 0.524000 0.381333
20 0.586000 0.701333 0.064000 0.122667
20 0.728000 0.844000 0.544000 0.312000
22 0.137000 0.201333 0.030000 0.024000
12 0.498000 0.457333 0.012000 0.061333
12 0.480000 0.414667 0.068000 0.301333
12 0.370000 0.302667 0.184000 0.360000
12 0.279000 0.390667 0.014000 0.088000
85 0.327000 0.726667 0.038000 0.024000
1 0.535000 0.722667 0.110000 0.245333
65 0.170000 0.477333 0.028000 0.032000
27 0.533000 0.724000 0.110000 0.242667
63 0.076000 0.396000 0.096000 0.093333
51 0.067000 0.522667 0.134000 0.048000
4 0.514000 0.689333 0.056000 0.098667
60 0.498000 0.762667 0.936000 0.229333
2 0.665000 0.248000 0.262000 0.490667
17 0.283000 0.229333 0.566000 0.458667
125 0.753000 0.718667 0.306000 0.237333
84 0.693000 0.194667 0.082000 0.378667