68 0.832000 0.812000 0.330667 0.364000
37 0.492000 0.160000 0.984000 0.320000
26 0.448000 0.436000 0.053333 0.060000
31 0.500000 0.706000 1.000000 0.588000
138 0.761333 0.342000 0.045333 0.040000
15 0.756000 0.341000 0.034667 0.038000
42 0.534667 0.407000 0.050667 0.046000
42 0.856000 0.333000 0.165333 0.162000
1 0.716000 0.426000 0.034667 0.032000
27 0.620000 0.425000 0.226667 0.114000
6 0.838667 0.397000 0.200000 0.346000
6 0.533333 0.426000 0.053333 0.112000
24 0.676000 0.676000 0.450667 0.236000
8 0.474667 0.082000 0.378667 0.100000
72 0.500000 0.617000 1.000000 0.766000
35 0.690667 0.441000 0.021333 0.006000