5 0.249000 0.711290 0.378000 0.209677
73 0.911000 0.648387 0.110000 0.135484
58 0.398000 0.335484 0.328000 0.251613
26 0.440000 0.830645 0.276000 0.035484
42 0.084000 0.835484 0.016000 0.025806
42 0.099000 0.829032 0.022000 0.019355
12 0.714000 0.598387 0.012000 0.016129
40 0.109000 0.827419 0.106000 0.080645
13 0.311000 0.835484 0.010000 0.070968
13 0.739000 0.669355 0.014000 0.158065
51 0.285000 0.658065 0.298000 0.064516
72 0.436000 0.920968 0.180000 0.061290
2 0.923000 0.662903 0.130000 0.138710