68 0.148649 0.788000 0.021021 0.016000
5 0.277778 0.643000 0.375375 0.298000
5 0.671171 0.425000 0.351351 0.694000
97 0.699700 0.390000 0.090090 0.064000
130 0.199700 0.765000 0.027027 0.026000
130 0.642643 0.758000 0.018018 0.028000
21 0.698198 0.710000 0.069069 0.100000
99 0.364865 0.842000 0.459459 0.024000
26 0.433934 0.790000 0.405405 0.052000
26 0.815315 0.823000 0.369369 0.134000
7 0.503003 0.935000 0.987988 0.126000
12 0.084084 0.692000 0.036036 0.044000
40 0.414414 0.906000 0.174174 0.080000
29 0.198198 0.794000 0.018018 0.032000
69 0.478979 0.932000 0.087087 0.048000
6 0.569069 0.754000 0.027027 0.044000
6 0.145646 0.784000 0.033033 0.076000
6 0.198198 0.780000 0.030030 0.072000
6 0.641141 0.755000 0.021021 0.034000
6 0.564565 0.759000 0.036036 0.062000
6 0.070571 0.787000 0.039039 0.066000
6 0.295796 0.759000 0.033033 0.034000
6 0.112613 0.789000 0.027027 0.070000
55 0.496997 0.904000 0.993994 0.184000
51 0.271772 0.563000 0.345345 0.142000
72 0.783784 0.875000 0.414414 0.202000
60 0.495495 0.905000 0.990991 0.182000
76 0.885886 0.944000 0.216216 0.112000
2 0.932432 0.321000 0.135135 0.374000
2 0.081081 0.417000 0.162162 0.610000
2 0.279279 0.415000 0.528529 0.734000
3 0.690691 0.411000 0.288288 0.662000