77 0.500000 0.571174 1.000000 0.850534
77 0.481000 0.419929 0.038000 0.028470
86 0.426000 0.613879 0.060000 0.024911
86 0.493000 0.620996 0.082000 0.032028
86 0.583000 0.640569 0.066000 0.021352
5 0.794000 0.407473 0.088000 0.060498
5 0.747000 0.403915 0.086000 0.060498
5 0.659000 0.407473 0.106000 0.053381
5 0.573000 0.409253 0.074000 0.049822
5 0.515000 0.405694 0.046000 0.049822
144 0.145000 0.546263 0.054000 0.081851
144 0.116000 0.537367 0.052000 0.085409
144 0.160000 0.542705 0.024000 0.074733
39 0.663000 0.615658 0.062000 0.106762
39 0.714000 0.626335 0.060000 0.106762
39 0.758000 0.617438 0.096000 0.167260
39 0.788000 0.610320 0.056000 0.138790
39 0.811000 0.542705 0.046000 0.103203
1 0.113000 0.482206 0.118000 0.224199
27 0.273000 0.402135 0.054000 0.056940
51 0.497000 0.240214 0.994000 0.181495
4 0.118000 0.448399 0.108000 0.113879
8 0.500000 0.124555 1.000000 0.249110
76 0.962000 0.832740 0.076000 0.334520
28 0.993000 0.492883 0.014000 0.024911
28 0.854000 0.492883 0.028000 0.053381
28 0.811000 0.494662 0.018000 0.028470
28 0.766000 0.480427 0.032000 0.035587
28 0.688000 0.471530 0.040000 0.024911