54 0.925333 0.811000 0.101333 0.190000
54 0.850667 0.678000 0.080000 0.164000
54 0.742667 0.706000 0.088000 0.168000
54 0.518667 0.373000 0.029333 0.066000
33 0.326667 0.821000 0.573333 0.354000
80 0.689333 0.477000 0.034667 0.014000
45 0.509333 0.266000 0.085333 0.036000
10 0.510667 0.278000 0.056000 0.060000
10 0.257333 0.426000 0.221333 0.200000
10 0.254667 0.277000 0.088000 0.066000
103 0.458667 0.868000 0.474667 0.260000
78 0.893333 0.355000 0.069333 0.034000
78 0.238667 0.512000 0.114667 0.076000
78 0.757333 0.331000 0.048000 0.034000
27 0.253333 0.288000 0.090667 0.088000
27 0.864000 0.425000 0.229333 0.310000
27 0.706667 0.362000 0.218667 0.212000
34 0.948000 0.678000 0.098667 0.060000
34 0.692000 0.479000 0.104000 0.026000
34 0.470667 0.477000 0.109333 0.026000
34 0.806667 0.559000 0.141333 0.038000
34 0.641333 0.699000 0.141333 0.066000
109 0.397333 0.945000 0.432000 0.102000
4 0.532000 0.341000 0.168000 0.094000
4 0.260000 0.702000 0.349333 0.412000
18 0.704000 0.699000 0.592000 0.602000
23 0.393333 0.661000 0.610667 0.678000
23 0.532000 0.321000 0.168000 0.150000