121 0.756000 0.671171 0.184000 0.237237
121 0.254000 0.585586 0.164000 0.240240
121 0.430000 0.909910 0.188000 0.180180
121 0.724000 0.264264 0.140000 0.186186
121 0.146000 0.914414 0.132000 0.171171
121 0.526000 0.202703 0.164000 0.171171
25 0.468000 0.408408 0.012000 0.012012
25 0.497000 0.840841 0.010000 0.012012
64 0.720000 0.776276 0.040000 0.027027
64 0.890000 0.432432 0.040000 0.036036
7 0.500000 0.543544 1.000000 0.912913
10 0.499000 0.848348 0.050000 0.057057
78 0.174000 0.876877 0.052000 0.024024
51 0.499000 0.536036 0.998000 0.921922
41 0.746000 0.250751 0.096000 0.051051
135 0.172000 0.480480 0.080000 0.060060