38 0.612832 0.691000 0.053097 0.050000
147 0.559735 0.686000 0.013274 0.004000
64 0.564159 0.892000 0.039823 0.020000
7 0.500000 0.855000 1.000000 0.290000
15 0.646018 0.653000 0.026549 0.030000
15 0.453540 0.667000 0.026549 0.034000
45 0.554204 0.679000 0.037611 0.026000
10 0.555310 0.686000 0.035398 0.040000
42 0.549779 0.723000 0.174779 0.106000
82 0.537611 0.837000 0.101770 0.090000
1 0.550885 0.776000 0.216814 0.256000
70 0.557522 0.697000 0.008850 0.006000
30 0.558628 0.691000 0.006637 0.006000
29 0.533186 0.831000 0.101770 0.110000
8 0.500000 0.133000 1.000000 0.266000
72 0.500000 0.853000 1.000000 0.294000
2 0.650442 0.479000 0.181416 0.502000
2 0.140487 0.446000 0.280973 0.624000
2 0.903761 0.514000 0.192478 0.396000