77 0.546000 0.754153 0.324000 0.126246
33 0.130000 0.707641 0.028000 0.046512
58 0.122000 0.400332 0.244000 0.156146
37 0.947000 0.267442 0.058000 0.149502
37 0.484000 0.244186 0.360000 0.488372
37 0.805000 0.196013 0.294000 0.385382
37 0.761000 0.438538 0.122000 0.139535
37 0.910000 0.294020 0.180000 0.408638
37 0.602000 0.338870 0.116000 0.132890
7 0.924000 0.410299 0.148000 0.176080
146 0.927000 0.528239 0.146000 0.112957
6 0.129000 0.697674 0.026000 0.059801
13 0.284000 0.495017 0.032000 0.671096
8 0.500000 0.290698 1.000000 0.581395
17 0.941000 0.538206 0.106000 0.119601
3 0.495000 0.410299 0.034000 0.116279
28 0.500000 0.782392 0.988000 0.421927