5 0.089000 0.082667 0.178000 0.160000
33 0.921000 0.436000 0.062000 0.082667
37 0.629000 0.078667 0.146000 0.098667
45 0.478000 0.280000 0.056000 0.053333
108 0.500000 0.649333 1.000000 0.445333
1 0.443000 0.601333 0.130000 0.696000
13 0.678000 0.070667 0.040000 0.093333
13 0.852000 0.437333 0.020000 0.117333
51 0.071000 0.021333 0.138000 0.037333
24 0.582000 0.928000 0.300000 0.138667
4 0.438000 0.454667 0.124000 0.253333
112 0.427000 0.921333 0.102000 0.061333
66 0.427000 0.628000 0.086000 0.136000
8 0.771000 0.097333 0.458000 0.194667
141 0.458000 0.637333 0.016000 0.117333
17 0.457000 0.185333 0.914000 0.360000
3 0.418000 0.222667 0.836000 0.061333