68 0.417000 0.557057 0.070000 0.249249
83 0.248000 0.411411 0.040000 0.078078
83 0.198000 0.770270 0.072000 0.051051
123 0.298000 0.506006 0.312000 0.225225
33 0.407000 0.358859 0.098000 0.141141
33 0.665000 0.463964 0.146000 0.309309
33 0.461000 0.617117 0.182000 0.459459
33 0.667000 0.644144 0.222000 0.507508
89 0.292000 0.433934 0.316000 0.135135
89 0.300000 0.774775 0.296000 0.450450
31 0.661000 0.837838 0.678000 0.324324
24 0.746000 0.662162 0.280000 0.381381
18 0.563000 0.600601 0.334000 0.420420
3 0.536000 0.421922 0.928000 0.843844