5 0.500000 0.498498 1.000000 0.996997
127 0.643000 0.897898 0.078000 0.114114
7 0.696000 0.372372 0.088000 0.180180
9 0.634000 0.445946 0.380000 0.357357
9 0.209000 0.475976 0.354000 0.351351
0 0.306000 0.363363 0.052000 0.078078
0 0.687000 0.683183 0.022000 0.051051
0 0.228000 0.213213 0.032000 0.060060
0 0.475000 0.743243 0.026000 0.057057
0 0.472000 0.842342 0.044000 0.087087
0 0.147000 0.794294 0.038000 0.081081
0 0.581000 0.792793 0.022000 0.060060
0 0.713000 0.708709 0.026000 0.084084
0 0.292000 0.942943 0.040000 0.096096
0 0.544000 0.672673 0.024000 0.072072
0 0.191000 0.876877 0.030000 0.090090
0 0.147000 0.795796 0.034000 0.084084
0 0.237000 0.132132 0.034000 0.060060
0 0.472000 0.747748 0.032000 0.048048