127 0.541000 0.177966 0.054000 0.079096
31 0.499000 0.727401 0.998000 0.545198
114 0.432000 0.519774 0.296000 0.717514
14 0.389000 0.793785 0.082000 0.169492
40 0.499000 0.781073 0.690000 0.432203
1 0.891000 0.590395 0.126000 0.446328
29 0.888000 0.670904 0.076000 0.223164
29 0.148000 0.639831 0.044000 0.177966
27 0.134000 0.576271 0.096000 0.310734
27 0.881000 0.299435 0.158000 0.146893
6 0.097000 0.107345 0.018000 0.033898
4 0.899000 0.498588 0.114000 0.138418
4 0.109000 0.504237 0.034000 0.127119
48 0.852000 0.793785 0.044000 0.028249
8 0.596000 0.182203 0.808000 0.364407
2 0.511000 0.289548 0.466000 0.206215
125 0.052000 0.583333 0.104000 0.177966
3 0.109000 0.262712 0.218000 0.525424
0 0.109000 0.070621 0.050000 0.141243
23 0.847000 0.258475 0.026000 0.059322