38 0.685000 0.393312 0.098000 0.060510
19 0.595000 0.337580 0.010000 0.019108
26 0.172000 0.648089 0.344000 0.703822
16 0.584000 0.334395 0.044000 0.063694
15 0.748000 0.364650 0.040000 0.028662
10 0.583000 0.345541 0.042000 0.079618
14 0.578000 0.514331 0.092000 0.168790
14 0.496000 0.495223 0.104000 0.105096
1 0.594000 0.452229 0.352000 0.299363
8 0.498000 0.492038 0.996000 0.984076
17 0.101000 0.944268 0.130000 0.098726
17 0.042000 0.831210 0.072000 0.159236
3 0.813000 0.921975 0.250000 0.143312
35 0.497000 0.578025 0.014000 0.022293
35 0.414000 0.547771 0.016000 0.025478
35 0.428000 0.589172 0.012000 0.019108
35 0.509000 0.617834 0.014000 0.025478