144 0.709893 0.281000 0.120321 0.114000
89 0.504011 0.364000 0.548128 0.088000
21 0.156417 0.502000 0.302139 0.996000
31 0.524064 0.807000 0.598930 0.378000
32 0.537433 0.442000 0.187166 0.132000
9 0.294118 0.033000 0.064171 0.062000
9 0.445187 0.033000 0.098930 0.066000
9 0.898396 0.249000 0.069519 0.122000
9 0.548128 0.176000 0.090909 0.068000
50 0.419786 0.263000 0.074866 0.054000
50 0.759358 0.748000 0.101604 0.048000
50 0.744652 0.828000 0.098930 0.056000
50 0.534759 0.859000 0.090909 0.050000
50 0.549465 0.905000 0.109626 0.070000
50 0.502674 0.611000 0.080214 0.038000
50 0.560160 0.615000 0.050802 0.034000
50 0.474599 0.259000 0.050802 0.050000
50 0.695187 0.655000 0.096257 0.042000
50 0.302139 0.260000 0.058824 0.052000
50 0.406417 0.683000 0.080214 0.042000
50 0.533422 0.858000 0.104278 0.064000
50 0.394385 0.624000 0.056150 0.036000
50 0.672460 0.604000 0.045455 0.036000
3 0.475936 0.157000 0.593583 0.302000
3 0.508021 0.504000 0.524064 0.300000
28 0.489305 0.927000 0.256684 0.134000
28 0.467914 0.783000 0.176471 0.038000