128 0.575000 0.354667 0.270000 0.197333
19 0.262000 0.200000 0.064000 0.106667
19 0.384000 0.210667 0.064000 0.096000
19 0.113000 0.818667 0.034000 0.058667
25 0.340000 0.349333 0.024000 0.026667
64 0.514000 0.985333 0.024000 0.029333
64 0.664000 0.973333 0.048000 0.053333
64 0.755000 0.980000 0.034000 0.040000
64 0.402000 0.978667 0.036000 0.042667
7 0.500000 0.793333 0.980000 0.392000
10 0.080000 0.869333 0.140000 0.261333
10 0.326000 0.376000 0.188000 0.448000
14 0.508000 0.840000 0.064000 0.320000
14 0.395000 0.840000 0.066000 0.320000
14 0.743000 0.820000 0.070000 0.360000
14 0.670000 0.820000 0.100000 0.360000
70 0.289000 0.569333 0.054000 0.061333
30 0.273000 0.538667 0.054000 0.053333
24 0.504000 0.829333 0.992000 0.341333
41 0.865000 0.538667 0.126000 0.181333
3 0.501000 0.350667 0.998000 0.701333
137 0.581000 0.580000 0.706000 0.840000