87 0.024000 0.722000 0.037333 0.024000
87 0.274667 0.696000 0.032000 0.024000
20 0.090667 0.025000 0.170667 0.046000
106 0.584000 0.494000 0.773333 0.928000
19 0.724000 0.083000 0.088000 0.062000
19 0.360000 0.063000 0.101333 0.066000
25 0.605333 0.212000 0.058667 0.036000
25 0.424000 0.206000 0.058667 0.044000
36 0.525333 0.272000 0.320000 0.284000
10 0.517333 0.228000 0.592000 0.396000
14 0.328000 0.729000 0.272000 0.242000
70 0.514667 0.364000 0.218667 0.100000
30 0.508000 0.286000 0.104000 0.060000
109 0.482667 0.856000 0.965333 0.280000
109 0.500000 0.407000 0.994667 0.622000
0 0.370667 0.031000 0.736000 0.062000