121 0.482000 0.441617 0.104000 0.302395
87 0.424000 0.212575 0.012000 0.035928
116 0.918000 0.549401 0.164000 0.206587
116 0.880000 0.393713 0.112000 0.122754
116 0.955000 0.291916 0.086000 0.074850
79 0.023000 0.034431 0.046000 0.068862
96 0.872000 0.443114 0.252000 0.485030
7 0.882000 0.384731 0.120000 0.170659
15 0.313000 0.760479 0.110000 0.191617
15 0.115000 0.652695 0.230000 0.694611
29 0.207000 0.853293 0.290000 0.293413
24 0.526000 0.583832 0.024000 0.023952
4 0.157000 0.598802 0.298000 0.706587
18 0.649000 0.642216 0.402000 0.673653
0 0.843000 0.064371 0.102000 0.122754
23 0.182000 0.529940 0.364000 0.934132
23 0.371000 0.336826 0.354000 0.673653