58 0.711488 0.826000 0.279373 0.128000
58 0.046997 0.748000 0.073107 0.052000
58 0.458225 0.220000 0.190601 0.100000
37 0.275457 0.898000 0.383812 0.072000
37 0.889034 0.934000 0.148825 0.080000
37 0.463446 0.796000 0.216710 0.036000
37 0.026110 0.039000 0.052219 0.078000
37 0.046997 0.213000 0.083551 0.126000
37 0.280679 0.302000 0.148825 0.092000
37 0.844648 0.144000 0.080940 0.180000
37 0.313316 0.969000 0.177546 0.062000
37 0.744125 0.858000 0.083551 0.076000
106 0.445170 0.677000 0.180157 0.086000
7 0.500000 0.500000 1.000000 1.000000
65 0.365535 0.470000 0.120104 0.052000
13 0.497389 0.635000 0.994778 0.122000
9 0.365535 0.469000 0.167102 0.094000