68 0.678667 0.701000 0.226667 0.210000
7 0.924000 0.647000 0.136000 0.030000
102 0.636000 0.344000 0.029333 0.032000
75 0.589333 0.573000 0.064000 0.030000
75 0.816000 0.491000 0.064000 0.034000
6 0.909333 0.610000 0.064000 0.052000
34 0.516000 0.731000 0.141333 0.078000
55 0.676000 0.854000 0.626667 0.284000
49 0.497333 0.802000 0.994667 0.360000
52 0.918667 0.565000 0.093333 0.038000
3 0.116000 0.636000 0.232000 0.260000
3 0.868000 0.589000 0.136000 0.082000
35 0.646667 0.870000 0.226667 0.248000