67 0.850000 0.172577 0.116000 0.236407
33 0.804000 0.300236 0.108000 0.151300
33 0.931000 0.276596 0.126000 0.203310
33 0.667000 0.264775 0.170000 0.208038
26 0.500000 0.186761 1.000000 0.373522
56 0.500000 0.567376 1.000000 0.860520
11 0.501000 0.566194 1.002000 0.867612
7 0.499000 0.245863 0.998000 0.212766
40 0.801000 0.664303 0.394000 0.014184
40 0.773000 0.717494 0.454000 0.101655
40 0.500000 0.651300 1.000000 0.044917
1 0.386000 0.140662 0.060000 0.276596
1 0.110000 0.307329 0.220000 0.609929
1 0.443000 0.475177 0.382000 0.572104
1 0.495000 0.133570 0.098000 0.267139
1 0.584000 0.118203 0.088000 0.236407
1 0.973000 0.088652 0.054000 0.177305
65 0.319000 0.533097 0.026000 0.030733
48 0.335000 0.731678 0.078000 0.063830
48 0.583000 0.735225 0.106000 0.052009
66 0.366000 0.570922 0.224000 0.148936