37 0.070000 0.082667 0.136000 0.128000
74 0.743000 0.589333 0.282000 0.149333
11 0.501000 0.720000 1.002000 0.560000
7 0.497000 0.624000 0.994000 0.741333
15 0.476000 0.304000 0.024000 0.021333
15 0.418000 0.308000 0.008000 0.013333
39 0.404000 0.118667 0.028000 0.034667
39 0.594000 0.106667 0.032000 0.032000
39 0.529000 0.074667 0.026000 0.037333
39 0.501000 0.174667 0.038000 0.056000
39 0.435000 0.116000 0.034000 0.040000
22 0.371000 0.182667 0.038000 0.034667
22 0.433000 0.021333 0.038000 0.042667
12 0.484000 0.209333 0.052000 0.413333
1 0.677000 0.432000 0.222000 0.202667
1 0.663000 0.292000 0.070000 0.285333
27 0.373000 0.344000 0.066000 0.256000
6 0.867000 0.330667 0.094000 0.165333
13 0.632000 0.232000 0.024000 0.277333
13 0.722000 0.294667 0.028000 0.525333
8 0.070000 0.080000 0.128000 0.112000
76 0.877000 0.577333 0.154000 0.242667