5 0.497000 0.302000 0.974000 0.572000
7 0.495000 0.834000 0.986000 0.316000
47 0.483000 0.706000 0.054000 0.060000
12 0.128000 0.717000 0.028000 0.030000
61 0.035000 0.727000 0.046000 0.038000
61 0.485000 0.707000 0.054000 0.062000
75 0.316000 0.494000 0.044000 0.060000
65 0.062000 0.379000 0.076000 0.034000
65 0.354000 0.407000 0.048000 0.038000
94 0.936000 0.635000 0.104000 0.170000
94 0.446000 0.609000 0.892000 0.602000
0 0.651000 0.278000 0.082000 0.112000
0 0.943000 0.610000 0.082000 0.056000
0 0.740000 0.376000 0.060000 0.084000
0 0.797000 0.339000 0.046000 0.066000
0 0.744000 0.131000 0.064000 0.094000
0 0.652000 0.272000 0.088000 0.116000
0 0.746000 0.253000 0.060000 0.090000
0 0.461000 0.572000 0.162000 0.164000
0 0.927000 0.303000 0.022000 0.018000
0 0.834000 0.468000 0.036000 0.052000
0 0.471000 0.095000 0.138000 0.174000
0 0.652000 0.117000 0.088000 0.126000
0 0.801000 0.239000 0.046000 0.074000
0 0.742000 0.130000 0.060000 0.092000