54 0.945000 0.732000 0.110000 0.514667
87 0.090000 0.612000 0.032000 0.040000
87 0.123000 0.614667 0.034000 0.040000
36 0.523000 0.345333 0.186000 0.328000
16 0.515000 0.369333 0.278000 0.365333
15 0.578000 0.977333 0.104000 0.040000
32 0.254000 0.853333 0.040000 0.021333
32 0.259000 0.610667 0.050000 0.021333
32 0.255000 0.734667 0.046000 0.018667
70 0.522000 0.410667 0.088000 0.042667
71 0.867000 0.030667 0.094000 0.061333
18 0.499000 0.952000 0.998000 0.096000
3 0.865000 0.466667 0.262000 0.922667
23 0.546000 0.500000 0.548000 1.000000