38 0.399000 0.394895 0.030000 0.057057
38 0.172000 0.534535 0.028000 0.066066
38 0.345000 0.373874 0.034000 0.051051
38 0.369000 0.603604 0.034000 0.078078
38 0.254000 0.561562 0.040000 0.084084
74 0.644000 0.642643 0.048000 0.018018
56 0.499000 0.295796 0.998000 0.561562
56 0.501000 0.484985 0.990000 0.945946
64 0.378000 0.717718 0.052000 0.030030
64 0.439000 0.581081 0.042000 0.039039
11 0.501000 0.496997 0.990000 0.981982
10 0.390000 0.312312 0.036000 0.066066
10 0.251000 0.456456 0.042000 0.060060
10 0.358000 0.493994 0.048000 0.063063
92 0.396000 0.306306 0.048000 0.060060
40 0.659000 0.686186 0.382000 0.135135
40 0.346000 0.273273 0.256000 0.546547
1 0.225000 0.597598 0.150000 0.342342
34 0.532000 0.626126 0.072000 0.027027
4 0.220000 0.540541 0.104000 0.126126
48 0.271000 0.756757 0.058000 0.036036
48 0.165000 0.716216 0.030000 0.033033