38 0.794000 0.686186 0.032000 0.057057
20 0.823000 0.690691 0.114000 0.156156
130 0.693000 0.699700 0.046000 0.072072
56 0.500000 0.888889 1.000000 0.210210
11 0.754000 0.813814 0.416000 0.156156
7 0.170000 0.884384 0.332000 0.219219
45 0.695000 0.645646 0.030000 0.030030
10 0.698000 0.648649 0.024000 0.042042
82 0.696000 0.759760 0.036000 0.060060
12 0.620000 0.045045 0.156000 0.048048
1 0.691000 0.708709 0.042000 0.174174
75 0.869000 0.677177 0.022000 0.033033
29 0.692000 0.758258 0.032000 0.057057
27 0.745000 0.726727 0.174000 0.216216
13 0.450000 0.289790 0.028000 0.339339
55 0.769000 0.794294 0.446000 0.207207
9 0.559000 0.560060 0.082000 0.147147
17 0.669000 0.412913 0.646000 0.507508
125 0.942000 0.596096 0.116000 0.351351
125 0.391000 0.656156 0.338000 0.411411
23 0.804000 0.708709 0.052000 0.186186