68 0.388000 0.605000 0.072000 0.098000
68 0.831000 0.395000 0.130000 0.134000
67 0.218000 0.490000 0.204000 0.468000
67 0.735000 0.364000 0.254000 0.368000
67 0.439000 0.519000 0.186000 0.390000
5 0.180000 0.369000 0.356000 0.738000
64 0.754000 0.534000 0.108000 0.048000
64 0.687000 0.618000 0.034000 0.032000
7 0.111000 0.905000 0.222000 0.190000
15 0.801000 0.356000 0.026000 0.028000
29 0.704000 0.437000 0.140000 0.178000
4 0.454000 0.420000 0.192000 0.096000
4 0.265000 0.397000 0.098000 0.142000
4 0.688000 0.336000 0.144000 0.184000
66 0.236000 0.532000 0.052000 0.112000
66 0.708000 0.441000 0.160000 0.170000
49 0.499000 0.862000 0.994000 0.268000
2 0.636000 0.354000 0.480000 0.700000
2 0.638000 0.332000 0.400000 0.656000
35 0.212000 0.739000 0.032000 0.026000
35 0.290000 0.736000 0.024000 0.024000
35 0.265000 0.740000 0.014000 0.020000