83 0.950000 0.653333 0.024000 0.048000
83 0.888000 0.640000 0.020000 0.026667
83 0.930000 0.637333 0.020000 0.026667
83 0.867000 0.664000 0.046000 0.032000
83 0.917000 0.666667 0.034000 0.032000
5 0.500000 0.581333 1.000000 0.405333
21 0.549000 0.432000 0.150000 0.474667
127 0.686000 0.368000 0.012000 0.037333
32 0.562000 0.516000 0.020000 0.045333
75 0.536000 0.357333 0.052000 0.117333
75 0.064000 0.289333 0.036000 0.045333
75 0.071000 0.372000 0.034000 0.109333
75 0.537000 0.270667 0.050000 0.050667
55 0.498000 0.906667 0.996000 0.186667
51 0.499000 0.453333 0.998000 0.154667
8 0.493000 0.205333 0.986000 0.394667
76 0.720000 0.792000 0.088000 0.218667
76 0.553000 0.812000 0.098000 0.253333
125 0.450000 0.470667 0.808000 0.941333