5 0.931000 0.569579 0.138000 0.135922
73 0.967000 0.692557 0.062000 0.142395
37 0.460000 0.119741 0.600000 0.194175
37 0.259000 0.067961 0.274000 0.110032
37 0.823000 0.150485 0.202000 0.216828
79 0.967000 0.729773 0.066000 0.074434
11 0.728000 0.703883 0.116000 0.029126
7 0.502000 0.922330 0.992000 0.148867
6 0.085000 0.661812 0.030000 0.132686
4 0.086000 0.622977 0.032000 0.067961
49 0.169000 0.715210 0.282000 0.161812
8 0.499000 0.281553 0.990000 0.511327
8 0.734000 0.129450 0.180000 0.187702
8 0.805000 0.176375 0.278000 0.275081
133 0.719000 0.734628 0.474000 0.168285
133 0.585000 0.726537 0.202000 0.080906
94 0.615000 0.582524 0.610000 0.148867
94 0.156000 0.598706 0.312000 0.258900
3 0.272000 0.323625 0.544000 0.478964
3 0.488000 0.401294 0.284000 0.278317
0 0.268000 0.558252 0.072000 0.042071
0 0.874000 0.551780 0.044000 0.029126