95 0.183000 0.765000 0.034000 0.030000
101 0.549000 0.651000 0.026000 0.026000
21 0.282000 0.650000 0.016000 0.068000
26 0.148000 0.712000 0.220000 0.056000
26 0.708000 0.836000 0.512000 0.136000
26 0.697000 0.834000 0.542000 0.136000
11 0.159000 0.788000 0.206000 0.080000
114 0.395000 0.781000 0.282000 0.254000
107 0.518000 0.461000 0.904000 0.842000
103 0.527000 0.833000 0.074000 0.150000
1 0.535000 0.777000 0.094000 0.274000
4 0.535000 0.715000 0.090000 0.086000
4 0.652000 0.745000 0.044000 0.070000
8 0.515000 0.103000 0.106000 0.158000
81 0.388000 0.329000 0.652000 0.290000
2 0.395000 0.169000 0.310000 0.270000
2 0.772000 0.589000 0.368000 0.570000
2 0.778000 0.450000 0.380000 0.828000
0 0.566000 0.666000 0.044000 0.092000
0 0.576000 0.493000 0.040000 0.082000
0 0.353000 0.642000 0.026000 0.056000
23 0.648000 0.787000 0.128000 0.218000