5 0.437000 0.492447 0.254000 0.308157
5 0.697000 0.492447 0.282000 0.126888
5 0.183000 0.409366 0.290000 0.534743
5 0.435000 0.407855 0.802000 0.531722
5 0.077000 0.297583 0.154000 0.595166
127 0.405000 0.444109 0.022000 0.084592
127 0.431000 0.438066 0.022000 0.084592
7 0.515000 0.861027 0.926000 0.247734
7 0.316000 0.922961 0.396000 0.141994
10 0.757000 0.586103 0.082000 0.024169
42 0.947000 0.820242 0.106000 0.347432
85 0.429000 0.362538 0.014000 0.036254
85 0.106000 0.496979 0.012000 0.015106
85 0.760000 0.486405 0.012000 0.018127
85 0.620000 0.513595 0.008000 0.012085
85 0.113000 0.407855 0.018000 0.030211
1 0.387000 0.796073 0.122000 0.395770
1 0.749000 0.785498 0.214000 0.429003
27 0.578000 0.829305 0.112000 0.335347
27 0.072000 0.842900 0.108000 0.302115
27 0.219000 0.799094 0.078000 0.341390
6 0.946000 0.774924 0.104000 0.432024
6 0.384000 0.799094 0.104000 0.389728
6 0.074000 0.827795 0.080000 0.302115
6 0.457000 0.812689 0.066000 0.320242
13 0.417000 0.439577 0.006000 0.232628
13 0.961000 0.238671 0.050000 0.477341
9 0.432000 0.436556 0.024000 0.087613
9 0.948000 0.107251 0.076000 0.087613
9 0.405000 0.444109 0.022000 0.084592
9 0.406000 0.439577 0.028000 0.105740
60 0.501000 0.735650 0.994000 0.528701
52 0.274000 0.669184 0.144000 0.093656
52 0.724000 0.548338 0.292000 0.093656
52 0.578000 0.607251 0.212000 0.169184
52 0.413000 0.587613 0.150000 0.075529
52 0.108000 0.657100 0.160000 0.093656
52 0.063000 0.616314 0.126000 0.078550
52 0.245000 0.611782 0.158000 0.075529
52 0.705000 0.629909 0.038000 0.033233
52 0.578000 0.605740 0.216000 0.172205
52 0.328000 0.608761 0.052000 0.039275
52 0.279000 0.933535 0.174000 0.126888
52 0.455000 0.628399 0.074000 0.048338
0 0.236000 0.500000 0.012000 0.045317
0 0.113000 0.394260 0.018000 0.057402
0 0.174000 0.489426 0.016000 0.048338
0 0.472000 0.493958 0.004000 0.027190
0 0.349000 0.530211 0.010000 0.039275
23 0.577000 0.827795 0.106000 0.332326
23 0.327000 0.794562 0.054000 0.283988