68 0.546000 0.462667 0.304000 0.178667
54 0.024000 0.272000 0.032000 0.106667
54 0.163000 0.154667 0.042000 0.122667
31 0.359000 0.852000 0.714000 0.290667
32 0.727000 0.326667 0.030000 0.018667
75 0.056000 0.025333 0.112000 0.050667
13 0.696000 0.210667 0.048000 0.421333
24 0.811000 0.353333 0.042000 0.354667
124 0.081000 0.298667 0.162000 0.218667
50 0.522000 0.232000 0.188000 0.122667
50 0.335000 0.226667 0.190000 0.122667
50 0.431000 0.346667 0.182000 0.117333
3 0.499000 0.504000 0.998000 0.992000