38 0.498000 0.687151 0.100000 0.061453
38 0.866000 0.811453 0.084000 0.136872
5 0.504000 0.273743 0.992000 0.536313
19 0.277000 0.610335 0.018000 0.036313
4 0.261000 0.794693 0.198000 0.326816
4 0.405000 0.734637 0.122000 0.268156
4 0.887000 0.701117 0.178000 0.212291
52 0.633000 0.237430 0.410000 0.184358
52 0.274000 0.205307 0.544000 0.410615
23 0.490000 0.733240 0.300000 0.533520
23 0.888000 0.701117 0.188000 0.592179
23 0.260000 0.744413 0.196000 0.511173
104 0.122000 0.083799 0.172000 0.083799