38 0.262667 0.455000 0.077333 0.026000
88 0.154667 0.484000 0.309333 0.128000
73 0.153333 0.746000 0.306667 0.508000
126 0.680000 0.555000 0.336000 0.102000
20 0.752000 0.356000 0.250667 0.072000
20 0.405333 0.338000 0.090667 0.044000
20 0.209333 0.352000 0.173333 0.064000
26 0.581333 0.389000 0.826667 0.066000
44 0.161333 0.766000 0.029333 0.028000
44 0.678667 0.862000 0.056000 0.036000
44 0.873333 0.913000 0.061333 0.074000
44 0.708000 0.919000 0.050667 0.038000
44 0.181333 0.837000 0.053333 0.058000
79 0.690667 0.545000 0.117333 0.026000
79 0.722667 0.939000 0.474667 0.126000
14 0.268000 0.481000 0.077333 0.086000
14 0.053333 0.484000 0.096000 0.084000
17 0.102667 0.290000 0.205333 0.348000