38 0.604000 0.596026 0.052000 0.231788
140 0.583000 0.745033 0.010000 0.026490
140 0.577000 0.748344 0.014000 0.033113
140 0.600000 0.731788 0.008000 0.019868
16 0.687000 0.415563 0.062000 0.089404
15 0.586000 0.731788 0.036000 0.066225
10 0.687000 0.425497 0.062000 0.115894
61 0.833000 0.769868 0.026000 0.043046
1 0.688000 0.548013 0.248000 0.440397
24 0.655000 0.740066 0.282000 0.175497
28 0.961000 0.950331 0.082000 0.105960
28 0.074000 0.918874 0.148000 0.162252
28 0.086000 0.069536 0.164000 0.132450
104 0.833000 0.769868 0.026000 0.043046