73 0.915000 0.685185 0.170000 0.617284
73 0.136000 0.583333 0.224000 0.475309
126 0.118000 0.533951 0.216000 0.537037
58 0.651000 0.157407 0.314000 0.290123
58 0.315000 0.228395 0.126000 0.246914
58 0.490000 0.222222 0.180000 0.320988
58 0.166000 0.342593 0.324000 0.672840
58 0.394000 0.052469 0.104000 0.092593
37 0.935000 0.074074 0.122000 0.135802
117 0.283000 0.567901 0.126000 0.382716
117 0.793000 0.456790 0.234000 0.456790
11 0.494000 0.851852 0.968000 0.296296
10 0.691000 0.422840 0.042000 0.166667
22 0.124000 0.512346 0.248000 0.506173
22 0.429000 0.410494 0.030000 0.092593
78 0.268000 0.484568 0.060000 0.129630
78 0.768000 0.330247 0.096000 0.166667
46 0.835000 0.299383 0.018000 0.055556
46 0.742000 0.320988 0.020000 0.061728
46 0.277000 0.493827 0.010000 0.037037
46 0.780000 0.299383 0.020000 0.030864
46 0.316000 0.604938 0.012000 0.037037
2 0.946000 0.268519 0.104000 0.425926
2 0.427000 0.391975 0.226000 0.302469