5 0.904000 0.237237 0.188000 0.240240
20 0.500000 0.500000 1.000000 1.000000
19 0.306000 0.259760 0.088000 0.177177
19 0.446000 0.246246 0.080000 0.156156
25 0.340000 0.405405 0.044000 0.048048
25 0.426000 0.406907 0.040000 0.051051
36 0.372000 0.406907 0.228000 0.273273
10 0.370000 0.358859 0.224000 0.381381
22 0.185000 0.132132 0.070000 0.066066
70 0.382000 0.531532 0.036000 0.024024
78 0.397000 0.539039 0.162000 0.117117
30 0.386000 0.451952 0.036000 0.135135
109 0.499000 0.833333 0.998000 0.333333
141 0.375000 0.301802 0.062000 0.147147
41 0.887000 0.636637 0.170000 0.420420
2 0.230000 0.085586 0.460000 0.171171
0 0.500000 0.225225 1.000000 0.450450