38 0.059375 0.102000 0.118750 0.080000
64 0.165625 0.706000 0.106250 0.056000
11 0.500000 0.666000 1.000000 0.672000
7 0.503125 0.661000 0.993750 0.658000
15 0.650000 0.231000 0.062500 0.042000
45 0.839063 0.036000 0.090625 0.040000
10 0.392188 0.346000 0.121875 0.084000
10 0.839063 0.048000 0.059375 0.056000
42 0.642188 0.095000 0.184375 0.110000
42 0.301563 0.175000 0.253125 0.134000
1 0.393750 0.493000 0.568750 0.566000
1 0.101562 0.075000 0.203125 0.146000
27 0.500000 0.076000 1.000000 0.152000
6 0.262500 0.073000 0.125000 0.126000
6 0.740625 0.060000 0.131250 0.120000
6 0.446875 0.085000 0.175000 0.130000
6 0.951562 0.078000 0.096875 0.148000
24 0.500000 0.438000 1.000000 0.212000
4 0.340625 0.385000 0.243750 0.182000
48 0.265625 0.744000 0.137500 0.060000
66 0.246875 0.498000 0.187500 0.192000
23 0.828125 0.084000 0.175000 0.140000
23 0.301563 0.188000 0.253125 0.264000