73 0.500000 0.382667 1.000000 0.765333
19 0.425000 0.286667 0.110000 0.232000
19 0.644000 0.302667 0.104000 0.168000
147 0.582000 0.488000 0.068000 0.042667
64 0.948000 0.841333 0.080000 0.093333
7 0.500000 0.844000 1.000000 0.306667
14 0.422000 0.876000 0.152000 0.125333
14 0.947000 0.805333 0.062000 0.042667
14 0.685000 0.868000 0.126000 0.168000
30 0.523000 0.538667 0.066000 0.096000
41 0.946000 0.744000 0.104000 0.085333
2 0.623000 0.305333 0.754000 0.610667
35 0.280000 0.417333 0.560000 0.834667