37 0.500000 0.153846 1.000000 0.307692
11 0.498000 0.792308 0.996000 0.158974
7 0.500000 0.925641 1.000000 0.117949
92 0.557000 0.623077 0.010000 0.025641
92 0.168000 0.620513 0.008000 0.020513
40 0.501000 0.923077 1.002000 0.020513
30 0.078000 0.700000 0.080000 0.076923
8 0.499000 0.156410 0.998000 0.312821
72 0.545000 0.110256 0.030000 0.035897
72 0.818000 0.194872 0.044000 0.051282
141 0.479000 0.712821 0.114000 0.071795
141 0.108000 0.705128 0.088000 0.066667
41 0.447000 0.541026 0.182000 0.241026
17 0.947000 0.658974 0.102000 0.158974
135 0.412000 0.805128 0.056000 0.061538