5 0.312000 0.279503 0.624000 0.244306
58 0.335000 0.174948 0.670000 0.349896
58 0.500000 0.217391 1.000000 0.434783
21 0.246000 0.269151 0.040000 0.049689
7 0.071000 0.662526 0.046000 0.049689
7 0.016000 0.536232 0.032000 0.028986
32 0.748000 0.687371 0.032000 0.140787
32 0.262000 0.671843 0.028000 0.138716
22 0.757000 0.940994 0.054000 0.051760
65 0.604000 0.864389 0.024000 0.035197
51 0.178000 0.201863 0.356000 0.084886
24 0.161000 0.842650 0.322000 0.277433
133 0.066000 0.517598 0.124000 0.207039
2 0.824000 0.363354 0.352000 0.726708
3 0.297000 0.259834 0.038000 0.039337