130 0.826000 0.298799 0.120000 0.159159
19 0.567000 0.241742 0.114000 0.297297
110 0.410000 0.518018 0.436000 0.963964
147 0.470000 0.336336 0.032000 0.072072
11 0.495000 0.641141 0.990000 0.531532
7 0.497000 0.780781 0.994000 0.432432
10 0.812000 0.204204 0.044000 0.048048
22 0.023000 0.238739 0.046000 0.189189
14 0.477000 0.735736 0.158000 0.528529
14 0.554000 0.672673 0.076000 0.366366
82 0.815000 0.454955 0.050000 0.099099
1 0.825000 0.396396 0.122000 0.444444
2 0.022000 0.204204 0.044000 0.258258
84 0.402000 0.699700 0.120000 0.348348
3 0.817000 0.831832 0.362000 0.330330
28 0.905000 0.659159 0.186000 0.105105