100 0.795000 0.816817 0.110000 0.090090
100 0.464000 0.124625 0.260000 0.231231
19 0.160000 0.310811 0.016000 0.045045
26 0.909000 0.438438 0.086000 0.126126
7 0.501000 0.678679 0.994000 0.642643
16 0.559000 0.306306 0.066000 0.102102
16 0.196000 0.279279 0.088000 0.150150
15 0.631000 0.582583 0.026000 0.054054
103 0.189000 0.903904 0.166000 0.192192
1 0.572000 0.608108 0.152000 0.699700
1 0.199000 0.603604 0.298000 0.792793
30 0.211000 0.316817 0.018000 0.051051
4 0.548000 0.489489 0.108000 0.258258
4 0.189000 0.621622 0.246000 0.462462
66 0.552000 0.689189 0.116000 0.201201
2 0.872000 0.364865 0.152000 0.273273
84 0.044000 0.414414 0.076000 0.816817
84 0.295000 0.270270 0.110000 0.540541
84 0.958000 0.439940 0.084000 0.861862