139 0.386458 0.845361 0.252083 0.305155
139 0.706250 0.097938 0.312500 0.138144
99 0.725000 0.769072 0.100000 0.144330
99 0.745833 0.895876 0.020833 0.026804
99 0.430208 0.607216 0.197917 0.051546
99 0.167708 0.722680 0.185417 0.138144
99 0.560417 0.816495 0.054167 0.276289
99 0.293750 0.542268 0.287500 0.098969
31 0.811458 0.963918 0.364583 0.068041
79 0.164583 0.572165 0.041667 0.026804
122 0.734375 0.514433 0.527083 0.971134
7 0.883333 0.315464 0.062500 0.074227
7 0.868750 0.290722 0.091667 0.070103
7 0.838542 0.414433 0.102083 0.082474
39 0.013542 0.655670 0.018750 0.020619
39 0.030208 0.570103 0.018750 0.018557
75 0.267708 0.411340 0.243750 0.348454
75 0.732292 0.514433 0.522917 0.971134
93 0.063542 0.440206 0.127083 0.187629
98 0.717708 0.526804 0.402083 0.694845
3 0.500000 0.498969 1.000000 0.993814