88 0.590361 0.775000 0.433735 0.450000
19 0.727410 0.216000 0.033133 0.032000
31 0.500000 0.746000 1.000000 0.508000
142 0.408133 0.278000 0.123494 0.076000
42 0.685241 0.370000 0.454819 0.300000
1 0.637048 0.554000 0.581325 0.804000
29 0.826807 0.711000 0.189759 0.414000
29 0.284639 0.802000 0.334337 0.240000
6 0.353916 0.664000 0.623494 0.564000
71 0.503012 0.500000 0.993976 1.000000
48 0.814759 0.927000 0.165663 0.058000
48 0.765060 0.886000 0.150602 0.036000
43 0.493976 0.289000 0.987952 0.566000