38 0.119000 0.669670 0.026000 0.048048
33 0.284000 0.369369 0.052000 0.060060
64 0.141000 0.830330 0.014000 0.015015
91 0.134000 0.710210 0.072000 0.255255
10 0.140000 0.618619 0.020000 0.030030
42 0.275000 0.334835 0.026000 0.039039
40 0.865000 0.439940 0.162000 0.021021
27 0.274000 0.183183 0.032000 0.060060
6 0.174000 0.073574 0.024000 0.045045
6 0.848000 0.331832 0.044000 0.093093
6 0.277000 0.348348 0.030000 0.096096
4 0.931000 0.378378 0.018000 0.036036
23 0.132000 0.710210 0.072000 0.261261
23 0.384000 0.142643 0.020000 0.063063
104 0.333000 0.474474 0.046000 0.036036