86 0.074667 0.896000 0.149333 0.128000
73 0.732000 0.583000 0.536000 0.422000
20 0.897333 0.388000 0.205333 0.076000
33 0.338667 0.583000 0.400000 0.218000
33 0.078667 0.637000 0.157333 0.110000
116 0.701333 0.762000 0.261333 0.128000
80 0.352000 0.846000 0.464000 0.256000
16 0.292000 0.294000 0.136000 0.104000
32 0.854667 0.789000 0.157333 0.034000
61 0.510667 0.111000 0.120000 0.158000
34 0.342667 0.859000 0.685333 0.282000
8 0.498667 0.195000 0.997333 0.390000
18 0.500000 0.837000 1.000000 0.322000
2 0.882667 0.224000 0.234667 0.288000
17 0.762667 0.243000 0.469333 0.326000
52 0.525333 0.213000 0.250667 0.426000
23 0.301333 0.469000 0.357333 0.454000