5 0.871000 0.349333 0.250000 0.517333
5 0.307000 0.308000 0.494000 0.429333
20 0.359000 0.526667 0.058000 0.034667
20 0.597000 0.524000 0.066000 0.077333
12 0.944000 0.302667 0.032000 0.034667
12 0.251000 0.396000 0.010000 0.018667
12 0.698000 0.441333 0.020000 0.018667
12 0.619000 0.570667 0.750000 0.032000
12 0.573000 0.622667 0.850000 0.045333
12 0.782000 0.436000 0.016000 0.018667
12 0.906000 0.302667 0.028000 0.040000
12 0.595000 0.348000 0.026000 0.029333
12 0.874000 0.302667 0.044000 0.040000
12 0.736000 0.404000 0.032000 0.050667
40 0.737000 0.814667 0.086000 0.360000
40 0.233000 0.637333 0.250000 0.170667
40 0.239000 0.730667 0.478000 0.208000
55 0.498000 0.748000 0.984000 0.493333
49 0.813000 0.569333 0.366000 0.093333
8 0.529000 0.165333 0.730000 0.330667
60 0.498000 0.762667 0.988000 0.458667
2 0.857000 0.421333 0.150000 0.208000
2 0.949000 0.417333 0.098000 0.237333
17 0.452000 0.438667 0.156000 0.120000
3 0.242000 0.357333 0.032000 0.096000
0 0.906000 0.302667 0.036000 0.040000
0 0.875000 0.305333 0.034000 0.034667
0 0.979000 0.300000 0.034000 0.029333
0 0.876000 0.388000 0.052000 0.029333