128 0.788000 0.415000 0.194667 0.442000
33 0.661333 0.569000 0.448000 0.746000
33 0.658667 0.573000 0.448000 0.754000
31 0.602667 0.757000 0.794667 0.486000
14 0.302667 0.876000 0.093333 0.248000
111 0.886667 0.615000 0.120000 0.066000
71 0.786667 0.035000 0.064000 0.070000
18 0.217333 0.702000 0.434667 0.592000
3 0.500000 0.271000 1.000000 0.542000
35 0.544000 0.929000 0.042667 0.034000
35 0.794667 0.913000 0.042667 0.042000
35 0.457333 0.815000 0.034667 0.030000
35 0.796000 0.916000 0.045333 0.036000
35 0.809333 0.802000 0.034667 0.028000
35 0.454667 0.817000 0.034667 0.026000
0 0.390667 0.174000 0.392000 0.348000