16 0.445946 0.485000 0.069069 0.046000
15 0.366366 0.609000 0.030030 0.022000
10 0.447447 0.489000 0.072072 0.054000
40 0.558559 0.612000 0.834835 0.144000
40 0.935435 0.357000 0.087087 0.026000
40 0.460961 0.420000 0.873874 0.152000
40 0.457958 0.747000 0.861862 0.166000
40 0.500000 0.487000 0.945946 0.166000
108 0.555556 0.615000 0.834835 0.146000
1 0.427928 0.610000 0.231231 0.300000
4 0.451952 0.553000 0.165165 0.090000
112 0.351351 0.721000 0.060060 0.046000
66 0.477477 0.622000 0.132132 0.060000