38 0.414000 0.730667 0.032000 0.090667
115 0.471000 0.877333 0.118000 0.042667
115 0.025000 0.605333 0.050000 0.053333
7 0.883000 0.334667 0.050000 0.072000
7 0.072000 0.624000 0.140000 0.181333
1 0.437000 0.772000 0.094000 0.226667
6 0.186000 0.498667 0.028000 0.058667
6 0.437000 0.770667 0.090000 0.229333
2 0.758000 0.249333 0.476000 0.498667
2 0.265000 0.220000 0.226000 0.440000
2 0.503000 0.240000 0.146000 0.192000
17 0.497000 0.277333 0.994000 0.549333
84 0.246000 0.213333 0.052000 0.426667
28 0.497000 0.658667 0.994000 0.672000