130 0.498000 0.605191 0.080000 0.101093
130 0.408000 0.482240 0.168000 0.237705
130 0.619000 0.409836 0.166000 0.224044
130 0.820000 0.409836 0.120000 0.224044
92 0.394000 0.325137 0.072000 0.081967
92 0.603000 0.267760 0.054000 0.065574
92 0.798000 0.270492 0.060000 0.060109
1 0.816000 0.490437 0.116000 0.505464
29 0.397000 0.718579 0.130000 0.256831
29 0.454000 0.752732 0.072000 0.188525
29 0.822000 0.595628 0.096000 0.218579
6 0.409000 0.617486 0.166000 0.661202
8 0.499000 0.271858 0.998000 0.543716
17 0.023000 0.423497 0.046000 0.054645
17 0.270000 0.457650 0.052000 0.084699
17 0.100000 0.385246 0.036000 0.027322