53 0.505000 0.396707 0.982000 0.476048
121 0.507000 0.429641 0.034000 0.050898
20 0.850000 0.482036 0.272000 0.197605
127 0.497000 0.425150 0.030000 0.029940
7 0.836000 0.678144 0.192000 0.038922
102 0.640000 0.378743 0.016000 0.416168
61 0.840000 0.488024 0.112000 0.059880
13 0.646000 0.395210 0.040000 0.377246
13 0.784000 0.916168 0.416000 0.155689
62 0.214000 0.368263 0.044000 0.407186
9 0.506000 0.432635 0.032000 0.056886
94 0.504000 0.419162 0.984000 0.299401
0 0.219000 0.306886 0.186000 0.050898