101 0.905292 0.310000 0.083565 0.084000
31 0.406685 0.556000 0.389972 0.136000
39 0.132312 0.840000 0.069638 0.052000
39 0.580780 0.711000 0.114206 0.066000
39 0.576602 0.715000 0.105850 0.078000
39 0.467967 0.668000 0.111421 0.068000
39 0.350975 0.833000 0.083565 0.042000
39 0.327298 0.709000 0.108635 0.114000
39 0.424791 0.865000 0.047354 0.054000
39 0.896936 0.859000 0.116992 0.054000
39 0.459610 0.670000 0.072423 0.052000
22 0.136490 0.697000 0.061281 0.042000
22 0.437326 0.524000 0.133705 0.024000
22 0.303621 0.720000 0.055710 0.040000
50 0.449861 0.591000 0.231198 0.110000
28 0.161560 0.422000 0.016713 0.048000