73 0.074000 0.428000 0.088000 0.104000
73 0.090000 0.576000 0.180000 0.288000
74 0.204000 0.536000 0.124000 0.053333
19 0.362000 0.168000 0.016000 0.021333
56 0.501000 0.674667 0.994000 0.645333
117 0.482000 0.452000 0.276000 0.616000
11 0.499000 0.721333 0.998000 0.552000
7 0.508000 0.718667 0.980000 0.562667
22 0.958000 0.421333 0.084000 0.128000
46 0.456000 0.390667 0.028000 0.040000
46 0.529000 0.473333 0.026000 0.045333
46 0.563000 0.490667 0.026000 0.032000
46 0.481000 0.534667 0.026000 0.034667
46 0.540000 0.554667 0.028000 0.026667
2 0.583000 0.416000 0.074000 0.101333
2 0.715000 0.486667 0.158000 0.173333
2 0.379000 0.454667 0.114000 0.125333
2 0.321000 0.386667 0.170000 0.170667
2 0.155000 0.369333 0.182000 0.178667
2 0.927000 0.485333 0.146000 0.362667