115 0.538000 0.436364 0.012000 0.066667
73 0.947000 0.578788 0.078000 0.109091
73 0.628000 0.595455 0.104000 0.136364
73 0.073000 0.656061 0.110000 0.106061
101 0.482000 0.283333 0.020000 0.027273
15 0.451000 0.293939 0.014000 0.024242
146 0.499000 0.815152 0.994000 0.363636
42 0.494000 0.330303 0.100000 0.096970
14 0.507000 0.401515 0.050000 0.075758
1 0.497000 0.360606 0.114000 0.181818
8 0.501000 0.343939 0.994000 0.681818
72 0.076000 0.680303 0.072000 0.033333
72 0.444000 0.537879 0.168000 0.148485
72 0.592000 0.625758 0.232000 0.081818