5 0.494000 0.458667 0.984000 0.485333
32 0.532000 0.664000 0.052000 0.026667
92 0.450000 0.510667 0.064000 0.050667
12 0.340000 0.393333 0.028000 0.040000
1 0.600000 0.581333 0.036000 0.117333
1 0.576000 0.557333 0.020000 0.053333
1 0.467000 0.666667 0.150000 0.362667
55 0.486000 0.838667 0.960000 0.317333
24 0.315000 0.926667 0.622000 0.130667
4 0.449000 0.598667 0.118000 0.130667
9 0.563000 0.438667 0.166000 0.034667
9 0.758000 0.434667 0.192000 0.037333
76 0.836000 0.746667 0.112000 0.133333
35 0.374000 0.824000 0.084000 0.090667
35 0.610000 0.824000 0.116000 0.160000
35 0.034000 0.698667 0.048000 0.069333
0 0.235000 0.308000 0.030000 0.077333
0 0.173000 0.308000 0.030000 0.072000