5 0.574000 0.410667 0.080000 0.042667
56 0.501000 0.718667 1.002000 0.557333
64 0.792000 0.929333 0.088000 0.136000
11 0.499000 0.718667 0.998000 0.562667
10 0.264000 0.321333 0.048000 0.072000
146 0.075000 0.330667 0.150000 0.208000
114 0.294000 0.573333 0.160000 0.410667
114 0.767000 0.765333 0.466000 0.469333
14 0.324000 0.696000 0.040000 0.181333
1 0.269000 0.462667 0.142000 0.338667
6 0.826000 0.594667 0.244000 0.800000
6 0.175000 0.449333 0.090000 0.242667
8 0.499000 0.188000 0.994000 0.376000
2 0.478000 0.376000 0.300000 0.090667
3 0.533000 0.449333 0.354000 0.045333
23 0.786000 0.592000 0.296000 0.805333