54 0.868000 0.957096 0.032000 0.085809
54 0.918000 0.948845 0.028000 0.095710
54 0.896000 0.948845 0.036000 0.095710
105 0.500000 0.500000 1.000000 1.000000
19 0.330000 0.397690 0.016000 0.036304
91 0.730000 0.856436 0.164000 0.287129
16 0.068000 0.412541 0.076000 0.118812
16 0.612000 0.767327 0.080000 0.161716
16 0.499000 0.516502 0.050000 0.069307
16 0.332000 0.366337 0.064000 0.145215
15 0.497000 0.453795 0.046000 0.042904
1 0.475000 0.628713 0.130000 0.293729
1 0.102000 0.544554 0.204000 0.389439
1 0.606000 0.841584 0.140000 0.316832
1 0.146000 0.374587 0.096000 0.207921
1 0.231000 0.508251 0.118000 0.158416
1 0.372000 0.772277 0.312000 0.455446
27 0.610000 0.452145 0.040000 0.085809
6 0.882000 0.833333 0.160000 0.320132
6 0.690000 0.613861 0.100000 0.178218
6 0.390000 0.273927 0.044000 0.165017
6 0.209000 0.280528 0.098000 0.105611
6 0.616000 0.466997 0.044000 0.108911
6 0.303000 0.287129 0.046000 0.092409
6 0.431000 0.268977 0.034000 0.082508
6 0.540000 0.358086 0.052000 0.122112
6 0.083000 0.869637 0.158000 0.260726
6 0.405000 0.523102 0.230000 0.471947
6 0.017000 0.798680 0.034000 0.402640
6 0.610000 0.462046 0.044000 0.105611
6 0.273000 0.432343 0.046000 0.085809
6 0.601000 0.838284 0.158000 0.316832
6 0.210000 0.777228 0.140000 0.306931
6 0.511000 0.448845 0.038000 0.066007
6 0.460000 0.372937 0.072000 0.158416
6 0.213000 0.280528 0.102000 0.105611
6 0.102000 0.500000 0.204000 0.287129
6 0.430000 0.500000 0.076000 0.174917
6 0.135000 0.377888 0.102000 0.214521
6 0.582000 0.379538 0.064000 0.099010
109 0.563000 0.780528 0.158000 0.346535
4 0.610000 0.905941 0.128000 0.188119
9 0.346000 0.127063 0.108000 0.042904
0 0.827000 0.481848 0.122000 0.330033
43 0.691000 0.386139 0.046000 0.224422