54 0.542042 0.493000 0.297297 0.830000
136 0.779279 0.107000 0.213213 0.142000
96 0.367868 0.260000 0.183183 0.060000
42 0.217718 0.541000 0.435435 0.334000
47 0.585586 0.710000 0.042042 0.036000
47 0.442943 0.753000 0.069069 0.042000
47 0.512012 0.775000 0.045045 0.026000
47 0.554054 0.768000 0.027027 0.020000
47 0.506006 0.697000 0.075075 0.038000
47 0.624625 0.763000 0.048048 0.046000
47 0.545045 0.737000 0.075075 0.046000
47 0.478979 0.769000 0.027027 0.022000
85 0.810811 0.167000 0.054054 0.042000
85 0.268769 0.028000 0.087087 0.056000
85 0.388889 0.173000 0.051051 0.042000
85 0.875375 0.014000 0.063063 0.028000
1 0.250751 0.450000 0.495495 0.556000
6 0.223724 0.440000 0.447447 0.520000
4 0.316817 0.524000 0.183183 0.332000
59 0.346847 0.567000 0.093093 0.226000
59 0.337838 0.523000 0.093093 0.086000
59 0.334835 0.470000 0.063063 0.048000
59 0.355856 0.642000 0.087087 0.052000
18 0.843844 0.561000 0.300300 0.054000
18 0.498498 0.798000 0.984985 0.396000