53 0.477545 0.281000 0.511976 0.434000
115 0.426647 0.809000 0.224551 0.234000
138 0.544910 0.845000 0.029940 0.034000
138 0.378743 0.710000 0.026946 0.016000
7 0.794910 0.256000 0.056886 0.036000
146 0.779940 0.917000 0.422156 0.150000
42 0.502994 0.770000 0.221557 0.148000
12 0.272455 0.986000 0.059880 0.020000
1 0.476048 0.775000 0.245509 0.154000
29 0.479042 0.795000 0.149701 0.122000
8 0.497006 0.497000 0.994012 0.994000
72 0.776946 0.917000 0.434132 0.158000
46 0.365269 0.761000 0.155689 0.122000
81 0.497006 0.771000 0.209581 0.146000