5 0.500000 0.398667 1.000000 0.232000
105 0.500000 0.724000 1.000000 0.552000
136 0.501000 0.209333 0.998000 0.418667
21 0.556000 0.870667 0.140000 0.258667
36 0.382000 0.738667 0.012000 0.042667
26 0.500000 0.902667 1.000000 0.194667
7 0.835000 0.533333 0.110000 0.138667
47 0.541000 0.661333 0.018000 0.074667
1 0.379000 0.854667 0.098000 0.290667
13 0.201000 0.728000 0.066000 0.544000
4 0.360000 0.784000 0.052000 0.058667
9 0.505000 0.664000 0.706000 0.122667
52 0.500000 0.218667 1.000000 0.437333
0 0.841000 0.213333 0.230000 0.208000
0 0.605000 0.218667 0.130000 0.192000
0 0.886000 0.524000 0.132000 0.125333
0 0.783000 0.229333 0.154000 0.202667
0 0.672000 0.225333 0.092000 0.189333
0 0.573000 0.450667 0.094000 0.032000
0 0.833000 0.097333 0.254000 0.194667
0 0.728000 0.534667 0.176000 0.125333
0 0.190000 0.553333 0.176000 0.130667
0 0.367000 0.545333 0.178000 0.130667
0 0.547000 0.538667 0.174000 0.128000