5 0.586000 0.156000 0.820000 0.306667
73 0.162000 0.208000 0.052000 0.112000
73 0.203000 0.209333 0.054000 0.130667
73 0.267000 0.208000 0.050000 0.160000
73 0.322000 0.209333 0.068000 0.162667
20 0.517000 0.494667 0.554000 0.365333
7 0.913000 0.453333 0.102000 0.053333
118 0.551000 0.552000 0.102000 0.058667
102 0.540000 0.044000 0.056000 0.061333
85 0.202000 0.201333 0.048000 0.098667
85 0.173000 0.194667 0.034000 0.085333
85 0.152000 0.208000 0.032000 0.074667
85 0.322000 0.193333 0.060000 0.120000
85 0.272000 0.192000 0.040000 0.106667
13 0.949000 0.164000 0.046000 0.328000
62 0.400000 0.644000 0.032000 0.280000
49 0.498000 0.686667 0.996000 0.610667
72 0.500000 0.634667 1.000000 0.730667
60 0.499000 0.632000 0.998000 0.725333
76 0.289000 0.516000 0.050000 0.104000
76 0.434000 0.601333 0.060000 0.168000
2 0.330000 0.206667 0.072000 0.162667
0 0.373000 0.221333 0.026000 0.080000
0 0.554000 0.201333 0.036000 0.136000
0 0.724000 0.189333 0.064000 0.165333
0 0.453000 0.049333 0.046000 0.066667
0 0.817000 0.172000 0.070000 0.152000
0 0.644000 0.188000 0.040000 0.168000
0 0.498000 0.220000 0.032000 0.093333
0 0.225000 0.038667 0.034000 0.040000
0 0.453000 0.224000 0.026000 0.080000
0 0.407000 0.224000 0.022000 0.080000