54 0.591592 0.423000 0.066066 0.110000
95 0.102102 0.051000 0.048048 0.018000
33 0.183183 0.781000 0.366366 0.386000
116 0.903904 0.529000 0.156156 0.046000
96 0.315315 0.294000 0.084084 0.016000
42 0.216216 0.455000 0.264264 0.254000
61 0.857357 0.221000 0.141141 0.054000
1 0.845345 0.208000 0.255255 0.380000
1 0.234234 0.415000 0.330330 0.390000
24 0.157658 0.883000 0.123123 0.082000
4 0.810811 0.244000 0.204204 0.224000
18 0.705706 0.635000 0.588589 0.494000
3 0.498498 0.151000 0.996997 0.302000