115 0.610000 0.419162 0.236000 0.059880
37 0.501000 0.353293 0.990000 0.700599
138 0.677000 0.326347 0.026000 0.029940
7 0.500000 0.841317 1.000000 0.317365
15 0.678000 0.327844 0.024000 0.032934
42 0.598000 0.276946 0.152000 0.182635
1 0.605000 0.309880 0.170000 0.248503
72 0.310000 0.613772 0.128000 0.532934
72 0.240000 0.580838 0.480000 0.251497
72 0.500000 0.839820 1.000000 0.320359
72 0.884000 0.700599 0.148000 0.538922
72 0.711000 0.607784 0.158000 0.706587
72 0.161000 0.432635 0.070000 0.164671
72 0.078000 0.408683 0.084000 0.254491
72 0.612000 0.667665 0.032000 0.047904
2 0.706000 0.589820 0.128000 0.742515
2 0.405000 0.643713 0.106000 0.491018
2 0.566000 0.658683 0.092000 0.514970
2 0.162000 0.423653 0.072000 0.224551
2 0.217000 0.354790 0.070000 0.320359
2 0.860000 0.646707 0.136000 0.652695
2 0.703000 0.589820 0.178000 0.742515
2 0.035000 0.284431 0.070000 0.568862
2 0.066000 0.372754 0.072000 0.380240
2 0.309000 0.613772 0.130000 0.538922
2 0.344000 0.429641 0.036000 0.104790
2 0.628000 0.738024 0.084000 0.410180
2 0.619000 0.693114 0.062000 0.488024
17 0.985000 0.793413 0.030000 0.329341