5 0.685000 0.378667 0.626000 0.752000
20 0.166000 0.893333 0.332000 0.208000
106 0.752000 0.777333 0.040000 0.082667
15 0.396000 0.481333 0.024000 0.061333
103 0.852000 0.740000 0.024000 0.061333
119 0.310000 0.176000 0.032000 0.037333
119 0.331000 0.242667 0.030000 0.042667
108 0.628000 0.814667 0.372000 0.077333
108 0.806000 0.910667 0.388000 0.066667
108 0.804000 0.844000 0.384000 0.114667
108 0.417000 0.802667 0.194000 0.042667
1 0.853000 0.720000 0.046000 0.117333
6 0.678000 0.742667 0.040000 0.162667
13 0.357000 0.473333 0.034000 0.941333
9 0.328000 0.246667 0.028000 0.045333
9 0.312000 0.176000 0.072000 0.058667
9 0.363000 0.486667 0.126000 0.109333
9 0.347000 0.585333 0.050000 0.082667
9 0.328000 0.368000 0.064000 0.101333
9 0.347000 0.296000 0.102000 0.069333
60 0.500000 0.861333 0.996000 0.272000
0 0.672000 0.094667 0.028000 0.040000
0 0.875000 0.305333 0.130000 0.050667
0 0.873000 0.221333 0.126000 0.053333
0 0.873000 0.145333 0.126000 0.056000
0 0.866000 0.069333 0.136000 0.053333