134 0.342000 0.676000 0.524000 0.530667
134 0.761000 0.592000 0.462000 0.618667
19 0.958000 0.354667 0.064000 0.058667
19 0.493000 0.449333 0.030000 0.045333
19 0.808000 0.361333 0.056000 0.050667
26 0.501000 0.557333 0.994000 0.698667
56 0.498000 0.496000 0.992000 0.992000
11 0.499000 0.498667 0.998000 0.997333
7 0.500000 0.500000 1.000000 1.000000
10 0.889000 0.396000 0.210000 0.221333
70 0.899000 0.485333 0.054000 0.026667
30 0.902000 0.462667 0.044000 0.040000
30 0.596000 0.500000 0.028000 0.024000
62 0.682000 0.565333 0.044000 0.725333