5 0.332000 0.170667 0.496000 0.336000
20 0.428000 0.445333 0.404000 0.394667
20 0.773000 0.364000 0.450000 0.210667
21 0.571000 0.512000 0.058000 0.165333
7 0.499000 0.598667 0.998000 0.802667
45 0.746000 0.470667 0.012000 0.013333
12 0.799000 0.433333 0.050000 0.045333
40 0.184000 0.602667 0.348000 0.794667
62 0.796000 0.480000 0.012000 0.053333
51 0.388000 0.101333 0.216000 0.074667
9 0.511000 0.336000 0.050000 0.042667
94 0.529000 0.590667 0.942000 0.818667
2 0.599000 0.150667 0.802000 0.301333
3 0.419000 0.200000 0.146000 0.250667
0 0.382000 0.161333 0.020000 0.050667
0 0.386000 0.410667 0.012000 0.032000