38 0.765766 0.229000 0.318318 0.062000
67 0.405405 0.618000 0.078078 0.148000
67 0.666667 0.393000 0.666667 0.434000
67 0.256757 0.626000 0.045045 0.096000
56 0.498498 0.680000 0.996997 0.096000
7 0.500000 0.822000 1.000000 0.360000
45 0.387387 0.249000 0.126126 0.082000
108 0.451952 0.848000 0.165165 0.304000
24 0.500000 0.914000 1.000000 0.176000
4 0.417417 0.610000 0.054054 0.072000
4 0.681682 0.316000 0.366366 0.220000
66 0.397898 0.664000 0.057057 0.048000
49 0.500000 0.749000 1.000000 0.094000
8 0.496997 0.277000 0.993994 0.554000
17 0.726727 0.509000 0.018018 0.106000
3 0.843844 0.577000 0.282282 0.074000