130 0.427000 0.403915 0.198000 0.338078
91 0.458000 0.460854 0.288000 0.765125
138 0.344000 0.597865 0.052000 0.156584
11 0.344000 0.046263 0.060000 0.064057
11 0.812000 0.037367 0.088000 0.024911
11 0.835000 0.320285 0.126000 0.064057
7 0.500000 0.500000 1.000000 1.000000
16 0.458000 0.224199 0.048000 0.128114
92 0.419000 0.165480 0.126000 0.174377
29 0.488000 0.612100 0.092000 0.298932
72 0.500000 0.500000 1.000000 1.000000
84 0.291000 0.039146 0.042000 0.078292
3 0.953000 0.048043 0.090000 0.096085