58 0.929000 0.741776 0.142000 0.115132
7 0.905000 0.981908 0.138000 0.036184
92 0.507000 0.325658 0.046000 0.052632
92 0.616000 0.317434 0.052000 0.062500
114 0.255000 0.751645 0.106000 0.417763
114 0.367000 0.689145 0.126000 0.536184
114 0.120000 0.777961 0.120000 0.365132
114 0.756000 0.710526 0.148000 0.506579
114 0.511000 0.685855 0.118000 0.549342
114 0.628000 0.687500 0.088000 0.546053
1 0.770000 0.526316 0.152000 0.453947
1 0.487000 0.503289 0.146000 0.407895
1 0.351000 0.534539 0.142000 0.384868
1 0.245000 0.593750 0.110000 0.384868
1 0.128000 0.672697 0.092000 0.345395
1 0.621000 0.521382 0.142000 0.463816
1 0.198000 0.621711 0.084000 0.368421
29 0.771000 0.618421 0.142000 0.190789