56 0.500000 0.608772 1.000000 0.782456
56 0.499000 0.105263 0.990000 0.210526
117 0.850000 0.417544 0.048000 0.245614
117 0.162000 0.431579 0.068000 0.175439
117 0.125000 0.438596 0.090000 0.210526
10 0.855000 0.301754 0.034000 0.063158
82 0.621000 0.666667 0.022000 0.056140
82 0.684000 0.663158 0.020000 0.063158
141 0.205000 0.619298 0.034000 0.052632
41 0.262000 0.633333 0.028000 0.080702
41 0.912000 0.661404 0.016000 0.059649
41 0.705000 0.640351 0.018000 0.073684
17 0.447000 0.294737 0.242000 0.315789
137 0.647000 0.621053 0.130000 0.168421
137 0.864000 0.635088 0.104000 0.154386
137 0.206000 0.626316 0.140000 0.143860
137 0.744000 0.605263 0.064000 0.129825
137 0.228000 0.501754 0.068000 0.077193
137 0.648000 0.614035 0.124000 0.175439
137 0.129000 0.617544 0.114000 0.147368