38 0.444310 0.304000 0.210654 0.136000
53 0.498789 0.328000 0.992736 0.644000
99 0.308717 0.948000 0.089588 0.100000
99 0.447942 0.983000 0.092010 0.022000
99 0.566586 0.968000 0.135593 0.020000
36 0.640436 0.206000 0.118644 0.108000
26 0.498789 0.468000 0.997579 0.348000
56 0.498789 0.797000 0.992736 0.402000
11 0.921308 0.843000 0.157385 0.310000
7 0.498789 0.711000 0.992736 0.574000
45 0.646489 0.156000 0.242131 0.132000
10 0.634383 0.178000 0.159806 0.168000
1 0.560533 0.544000 0.569007 0.908000
30 0.647700 0.192000 0.031477 0.040000
71 0.500000 0.500000 1.000000 1.000000
13 0.348668 0.308000 0.154964 0.616000
4 0.575061 0.461000 0.351090 0.458000
112 0.324455 0.945000 0.106538 0.106000
66 0.578692 0.811000 0.358354 0.338000
59 0.570218 0.610000 0.273608 0.128000
17 0.502421 0.224000 0.990315 0.444000