68 0.627000 0.748494 0.098000 0.237952
91 0.711000 0.667169 0.170000 0.659639
16 0.746000 0.423193 0.100000 0.171687
15 0.667000 0.481928 0.026000 0.048193
15 0.659000 0.557229 0.026000 0.054217
10 0.747000 0.421687 0.106000 0.168675
42 0.718000 0.632530 0.152000 0.349398
29 0.700000 0.868976 0.140000 0.262048
98 0.804000 0.179217 0.060000 0.171687
98 0.062000 0.197289 0.084000 0.075301
98 0.946000 0.295181 0.056000 0.066265
98 0.370000 0.049699 0.068000 0.033133
98 0.065000 0.346386 0.126000 0.138554
4 0.715000 0.650602 0.094000 0.313253
9 0.949000 0.299699 0.058000 0.069277
94 0.500000 0.496988 0.996000 0.993976
52 0.661000 0.429217 0.326000 0.412651
0 0.723000 0.213855 0.238000 0.427711
0 0.950000 0.212349 0.076000 0.418675
0 0.430000 0.216867 0.216000 0.427711
0 0.128000 0.216867 0.256000 0.433735