126 0.500000 0.760000 0.996000 0.453333
99 0.662000 0.754667 0.016000 0.032000
7 0.503000 0.560000 0.990000 0.858667
10 0.674000 0.406667 0.168000 0.290667
14 0.482000 0.766667 0.080000 0.248000
14 0.452000 0.712000 0.044000 0.117333
14 0.236000 0.765333 0.072000 0.240000
14 0.176000 0.778667 0.076000 0.245333
14 0.405000 0.704000 0.026000 0.080000
6 0.572000 0.520000 0.180000 0.192000
63 0.714000 0.705333 0.208000 0.189333
63 0.609000 0.798667 0.162000 0.125333
41 0.131000 0.637333 0.050000 0.410667
3 0.499000 0.129333 0.998000 0.258667
28 0.384000 0.861333 0.764000 0.160000
137 0.418000 0.365333 0.272000 0.112000
137 0.431000 0.576000 0.658000 0.640000