54 0.652000 0.816860 0.060000 0.290698
95 0.153000 0.546512 0.126000 0.174419
144 0.779000 0.549419 0.074000 0.156977
36 0.478000 0.428779 0.100000 0.194767
142 0.647000 0.805233 0.122000 0.273256
1 0.562000 0.691860 0.480000 0.610465
1 0.533000 0.619186 0.438000 0.761628
70 0.552000 0.626453 0.024000 0.026163
78 0.449000 0.536337 0.106000 0.107558
78 0.457000 0.514535 0.106000 0.081395
4 0.666000 0.789244 0.168000 0.386628
9 0.952000 0.582849 0.096000 0.206395
18 0.858000 0.763081 0.280000 0.468023
3 0.500000 0.500000 0.996000 1.000000