129 0.459259 0.215278 0.096296 0.113889
129 0.609259 0.176389 0.092593 0.141667
129 0.559259 0.034722 0.059259 0.069444
129 0.620370 0.029167 0.062963 0.058333
129 0.551852 0.183333 0.088889 0.150000
129 0.651852 0.159722 0.074074 0.152778
54 0.720370 0.323611 0.062963 0.080556
54 0.918519 0.304167 0.103704 0.108333
54 0.822222 0.301389 0.096296 0.113889
86 0.492593 0.343056 0.392593 0.091667
67 0.814815 0.769444 0.096296 0.077778
123 0.672222 0.156944 0.655556 0.308333
21 0.850000 0.115278 0.300000 0.230556
21 0.387037 0.148611 0.062963 0.297222
91 0.848148 0.773611 0.051852 0.069444
32 0.916667 0.905556 0.070370 0.027778
143 0.385185 0.181944 0.029630 0.013889
143 0.742593 0.194444 0.025926 0.022222
27 0.818519 0.770833 0.103704 0.080556
27 0.387037 0.865278 0.040741 0.063889
27 0.629630 0.938889 0.059259 0.044444
27 0.398148 0.719444 0.070370 0.061111
71 0.692593 0.422222 0.103704 0.088889
71 0.587037 0.423611 0.092593 0.080556
71 0.688889 0.533333 0.096296 0.083333
71 0.587037 0.638889 0.085185 0.088889
71 0.807407 0.418056 0.103704 0.091667
71 0.505556 0.934722 0.137037 0.125000
71 0.194444 0.266667 0.129630 0.105556
71 0.820370 0.768056 0.107407 0.086111
71 0.688889 0.534722 0.096296 0.086111
71 0.400000 0.622222 0.081481 0.083333
71 0.396296 0.708333 0.081481 0.077778
81 0.722222 0.679167 0.037037 0.013889
3 0.194444 0.506944 0.322222 0.986111