97 0.174000 0.436000 0.040000 0.044000
21 0.875000 0.238000 0.174000 0.404000
31 0.783000 0.829000 0.342000 0.290000
7 0.805000 0.849000 0.278000 0.198000
102 0.236000 0.259000 0.128000 0.098000
12 0.700000 0.416000 0.464000 0.088000
71 0.738000 0.151000 0.104000 0.114000
93 0.509000 0.375000 0.126000 0.066000
93 0.648000 0.356000 0.144000 0.072000
93 0.069000 0.455000 0.066000 0.082000
93 0.389000 0.347000 0.046000 0.106000
93 0.739000 0.382000 0.038000 0.048000
93 0.479000 0.342000 0.142000 0.124000
18 0.258000 0.484000 0.220000 0.088000
3 0.431000 0.220000 0.730000 0.380000