5 0.506000 0.252252 0.984000 0.348348
26 0.512000 0.436937 0.972000 0.309309
45 0.531000 0.405405 0.018000 0.018018
108 0.641000 0.786787 0.718000 0.420420
1 0.769000 0.569069 0.110000 0.375375
1 0.521000 0.503003 0.058000 0.207207
4 0.771000 0.498498 0.070000 0.120120
4 0.523000 0.469970 0.038000 0.087087
112 0.513000 0.594595 0.046000 0.024024
112 0.772000 0.738739 0.112000 0.036036
66 0.523000 0.530030 0.038000 0.045045
66 0.772000 0.599099 0.072000 0.105105
2 0.792000 0.255255 0.412000 0.510511
2 0.232000 0.162162 0.432000 0.324324