77 0.500000 0.610951 1.000000 0.414986
20 0.110000 0.623919 0.220000 0.337176
58 0.023000 0.027378 0.030000 0.048991
58 0.208000 0.223343 0.060000 0.077810
58 0.590000 0.135447 0.300000 0.270893
11 0.487000 0.691643 0.278000 0.161383
11 0.312000 0.646974 0.616000 0.308357
7 0.629000 0.309798 0.434000 0.250720
119 0.243000 0.582133 0.070000 0.040346
12 0.094000 0.703170 0.080000 0.121037
65 0.374000 0.615274 0.088000 0.054755
8 0.498000 0.211816 0.996000 0.423631
28 0.657000 0.622478 0.674000 0.144092