5 0.500000 0.417000 0.992883 0.834000
7 0.500000 0.900000 1.000000 0.196000
42 0.592527 0.464000 0.174377 0.076000
47 0.720641 0.237000 0.024911 0.034000
47 0.893238 0.418000 0.042705 0.040000
47 0.443060 0.226000 0.039146 0.036000
47 0.667260 0.236000 0.024911 0.032000
47 0.866548 0.413000 0.039146 0.038000
47 0.935943 0.247000 0.042705 0.034000
47 0.889680 0.244000 0.042705 0.032000
47 0.366548 0.223000 0.028470 0.034000
47 0.402135 0.224000 0.035587 0.032000
47 0.695730 0.238000 0.024911 0.032000
47 0.976868 0.248000 0.039146 0.032000
47 0.857651 0.414000 0.035587 0.036000
47 0.846975 0.244000 0.042705 0.036000
47 0.857651 0.416000 0.042705 0.044000
9 0.642349 0.238000 0.708185 0.140000
9 0.886121 0.407000 0.213523 0.146000
9 0.459075 0.631000 0.348754 0.074000
9 0.473310 0.546000 0.576512 0.092000
9 0.462633 0.587000 0.569395 0.178000
59 0.651246 0.789000 0.035587 0.030000
141 0.320285 0.868000 0.185053 0.028000
3 0.243772 0.060000 0.145907 0.100000
0 0.409253 0.375000 0.234875 0.190000
0 0.654804 0.414000 0.234875 0.244000