53 0.803303 0.353000 0.393393 0.706000
5 0.333333 0.456000 0.666667 0.912000
130 0.358859 0.608000 0.177177 0.188000
61 0.213213 0.501000 0.054054 0.074000
1 0.355856 0.667000 0.177177 0.426000
30 0.313814 0.469000 0.009009 0.022000
29 0.375375 0.777000 0.138138 0.210000
55 0.500000 0.831000 1.000000 0.338000
112 0.354354 0.870000 0.096096 0.016000
49 0.501502 0.818000 0.990991 0.328000
60 0.503003 0.825000 0.987988 0.342000
2 0.812312 0.328000 0.333333 0.656000
52 0.420420 0.509000 0.240240 0.218000
3 0.361862 0.445000 0.585586 0.890000
0 0.285285 0.413000 0.192192 0.546000
0 0.522523 0.381000 0.072072 0.402000
43 0.522523 0.695000 0.030030 0.094000