5 0.851000 0.253333 0.302000 0.053333
19 0.155000 0.342667 0.014000 0.034667
19 0.118000 0.345333 0.016000 0.034667
26 0.502000 0.356000 1.004000 0.114667
56 0.499000 0.744000 0.998000 0.512000
11 0.499000 0.776000 0.998000 0.442667
114 0.306000 0.525333 0.396000 0.453333
114 0.716000 0.532000 0.444000 0.445333
22 0.501000 0.188000 1.002000 0.205333
14 0.546000 0.630667 0.064000 0.210667
14 0.263000 0.645333 0.050000 0.192000
13 0.883000 0.138667 0.054000 0.181333
62 0.628000 0.326667 0.008000 0.098667
2 0.499000 0.180000 0.998000 0.216000