31 0.815000 0.525602 0.182000 0.153614
7 0.513000 0.531627 0.914000 0.924699
32 0.614000 0.625000 0.760000 0.647590
61 0.800000 0.385542 0.104000 0.042169
63 0.136000 0.460843 0.080000 0.114458
63 0.082000 0.390060 0.048000 0.057229
63 0.079000 0.343373 0.066000 0.066265
63 0.352000 0.091867 0.084000 0.099398
63 0.230000 0.262048 0.044000 0.054217
63 0.315000 0.248494 0.062000 0.081325
63 0.233000 0.335843 0.054000 0.069277
63 0.342000 0.090361 0.060000 0.090361
63 0.324000 0.293675 0.044000 0.063253
63 0.224000 0.253012 0.072000 0.084337