100 0.558000 0.785075 0.244000 0.423881
100 0.285000 0.840299 0.030000 0.170149
7 0.785000 0.958209 0.406000 0.071642
7 0.057000 0.952239 0.114000 0.083582
7 0.039000 0.592537 0.070000 0.056716
39 0.878000 0.767164 0.044000 0.041791
39 0.889000 0.589552 0.030000 0.032836
39 0.826000 0.217910 0.068000 0.041791
39 0.615000 0.325373 0.014000 0.041791
39 0.899000 0.110448 0.034000 0.059701
39 0.333000 0.343284 0.034000 0.035821
39 0.338000 0.156716 0.064000 0.032836
39 0.820000 0.522388 0.040000 0.035821
39 0.943000 0.667164 0.030000 0.038806
39 0.838000 0.062687 0.040000 0.023881
22 0.710000 0.819403 0.136000 0.122388
2 0.028000 0.037313 0.052000 0.068657
2 0.161000 0.026866 0.054000 0.053731
2 0.035000 0.579104 0.062000 0.173134
2 0.148000 0.644776 0.044000 0.053731
2 0.979000 0.253731 0.042000 0.507463
2 0.282000 0.780597 0.032000 0.116418
2 0.347000 0.056716 0.094000 0.053731
2 0.474000 0.019403 0.052000 0.038806
2 0.517000 0.176119 0.042000 0.071642
2 0.461000 0.641791 0.106000 0.107463
2 0.873000 0.052239 0.046000 0.086567
2 0.766000 0.058209 0.088000 0.080597
2 0.650000 0.035821 0.032000 0.071642
2 0.168000 0.014925 0.132000 0.017910
2 0.788000 0.770149 0.080000 0.113433
2 0.543000 0.570149 0.054000 0.059701
2 0.375000 0.350746 0.038000 0.056716
2 0.620000 0.761194 0.044000 0.071642
84 0.148000 0.361194 0.080000 0.722388