100 0.711000 0.215569 0.578000 0.233533
100 0.698000 0.255988 0.584000 0.140719
100 0.808000 0.776946 0.384000 0.392216
100 0.450000 0.133234 0.116000 0.236527
100 0.093000 0.456587 0.174000 0.907186
100 0.063000 0.359281 0.118000 0.718563
100 0.346000 0.929641 0.356000 0.122754
100 0.884000 0.901198 0.220000 0.113772
19 0.309000 0.366766 0.046000 0.050898
19 0.264000 0.426647 0.052000 0.104790
16 0.648000 0.486527 0.232000 0.152695
16 0.447000 0.477545 0.298000 0.140719
16 0.455000 0.541916 0.150000 0.059880
16 0.475000 0.627246 0.318000 0.056886
2 0.497000 0.592814 0.994000 0.784431
3 0.358000 0.342814 0.076000 0.140719