38 0.416000 0.645333 0.056000 0.069333
68 0.413000 0.606667 0.166000 0.344000
101 0.923000 0.396000 0.038000 0.024000
16 0.135000 0.360000 0.050000 0.048000
15 0.506000 0.480000 0.064000 0.176000
22 0.461000 0.168000 0.022000 0.016000
22 0.405000 0.217333 0.102000 0.104000
1 0.643000 0.544000 0.338000 0.906667
29 0.571000 0.610667 0.142000 0.224000
27 0.857000 0.665333 0.138000 0.429333
6 0.906000 0.513333 0.080000 0.258667
8 0.820000 0.093333 0.168000 0.096000
52 0.390000 0.184000 0.668000 0.368000
23 0.855000 0.664000 0.134000 0.432000
23 0.351000 0.625333 0.310000 0.626667