88 0.091000 0.634731 0.182000 0.035928
5 0.081000 0.582335 0.070000 0.032934
5 0.017000 0.558383 0.034000 0.026946
5 0.959000 0.600299 0.078000 0.080838
5 0.156000 0.582335 0.064000 0.038922
37 0.499000 0.297904 0.998000 0.595808
11 0.906000 0.883234 0.180000 0.221557
113 0.027000 0.110778 0.046000 0.131737
113 0.524000 0.217066 0.056000 0.074850
113 0.499000 0.350299 0.134000 0.119760
113 0.363000 0.260479 0.050000 0.053892
113 0.770000 0.552395 0.068000 0.020958
113 0.224000 0.299401 0.048000 0.071856
113 0.589000 0.202096 0.030000 0.032934
113 0.643000 0.402695 0.078000 0.062874
113 0.588000 0.203593 0.032000 0.035928
1 0.843000 0.708084 0.050000 0.212575
51 0.017000 0.555389 0.034000 0.020958
8 0.498000 0.294910 0.996000 0.589820
125 0.960000 0.663174 0.076000 0.062874
125 0.513000 0.678144 0.690000 0.523952
23 0.878000 0.720060 0.032000 0.188623