58 0.932000 0.202703 0.104000 0.159159
130 0.297000 0.545045 0.098000 0.189189
7 0.732000 0.785285 0.540000 0.105105
15 0.336000 0.645646 0.040000 0.042042
92 0.345000 0.477477 0.042000 0.072072
29 0.297000 0.627628 0.094000 0.132132
6 0.310000 0.588589 0.128000 0.294294
13 0.226000 0.738739 0.124000 0.156156
112 0.321000 0.716216 0.106000 0.039039
8 0.501000 0.367868 0.986000 0.723724
72 0.794000 0.782282 0.128000 0.021021
2 0.138000 0.828829 0.096000 0.336336
17 0.379000 0.827327 0.594000 0.339339