38 0.707000 0.474667 0.178000 0.512000
54 0.478000 0.826667 0.040000 0.160000
54 0.515000 0.808000 0.046000 0.165333
67 0.298000 0.672000 0.424000 0.656000
130 0.289000 0.786667 0.414000 0.426667
25 0.269000 0.476000 0.018000 0.018667
140 0.620000 0.913333 0.128000 0.061333
15 0.950000 0.704000 0.072000 0.117333
10 0.910000 0.132000 0.140000 0.258667
103 0.758000 0.904000 0.304000 0.192000
1 0.793000 0.502667 0.414000 0.994667
78 0.243000 0.588000 0.058000 0.045333
4 0.272000 0.770667 0.120000 0.346667
4 0.821000 0.536000 0.242000 0.661333
18 0.496000 0.901333 0.076000 0.128000