19 0.611000 0.130240 0.042000 0.068862
19 0.674000 0.125749 0.020000 0.053892
36 0.258000 0.273952 0.036000 0.044910
10 0.248000 0.250000 0.072000 0.122754
10 0.653000 0.239521 0.126000 0.293413
92 0.249000 0.245509 0.074000 0.119760
114 0.487000 0.513473 0.458000 0.829341
42 0.276000 0.408683 0.164000 0.236527
14 0.611000 0.655689 0.158000 0.311377
14 0.548000 0.769461 0.140000 0.311377
14 0.326000 0.673653 0.132000 0.353293
14 0.491000 0.744012 0.102000 0.320359
1 0.277000 0.387725 0.162000 0.404192
70 0.691000 0.360778 0.046000 0.050898
65 0.451000 0.369760 0.022000 0.080838
9 0.450000 0.387725 0.040000 0.122754
72 0.499000 0.502994 0.998000 0.988024
35 0.133000 0.782934 0.106000 0.308383
35 0.519000 0.758982 0.098000 0.290419