19 0.634000 0.532000 0.016000 0.024000
36 0.600000 0.532000 0.048000 0.068000
26 0.300000 0.396000 0.592000 0.236000
26 0.871000 0.429000 0.258000 0.182000
16 0.609000 0.516000 0.070000 0.068000
15 0.686000 0.732000 0.036000 0.048000
103 0.609000 0.893000 0.170000 0.214000
22 0.699000 0.151000 0.606000 0.298000
1 0.413000 0.724000 0.214000 0.548000
1 0.646000 0.739000 0.248000 0.514000
29 0.415000 0.902000 0.166000 0.192000
62 0.656000 0.640000 0.172000 0.664000
4 0.660000 0.687000 0.212000 0.254000
46 0.093000 0.780000 0.046000 0.164000
46 0.846000 0.596000 0.024000 0.036000
81 0.413000 0.736000 0.218000 0.392000
3 0.498000 0.742000 0.992000 0.516000