38 0.858000 0.422156 0.068000 0.197605
74 0.504000 0.502994 0.992000 0.994012
56 0.499000 0.504491 0.966000 0.973054
138 0.605000 0.494012 0.054000 0.083832
11 0.368000 0.303892 0.736000 0.362275
7 0.500000 0.500000 1.000000 1.000000
10 0.642000 0.362275 0.068000 0.113772
92 0.644000 0.342814 0.080000 0.074850
92 0.260000 0.205090 0.076000 0.086826
1 0.227000 0.489521 0.342000 0.655689
1 0.879000 0.498503 0.234000 0.589820
4 0.882000 0.354790 0.172000 0.188623
48 0.884000 0.767964 0.084000 0.056886
48 0.892000 0.705090 0.080000 0.050898