58 0.500000 0.343844 1.000000 0.687688
36 0.488000 0.148649 0.020000 0.039039
138 0.288000 0.055556 0.040000 0.051051
7 0.835000 0.495495 0.094000 0.138138
15 0.288000 0.052553 0.036000 0.051051
45 0.486000 0.121622 0.044000 0.057057
146 0.630000 0.606607 0.736000 0.786787
42 0.409000 0.199700 0.234000 0.315315
29 0.512000 0.408408 0.128000 0.270270
6 0.419000 0.286787 0.310000 0.513514
8 0.497000 0.352853 0.986000 0.705706
2 0.416000 0.672673 0.052000 0.138138
17 0.155000 0.579580 0.274000 0.354354