38 0.462000 0.721333 0.016000 0.061333
144 0.246000 0.929333 0.364000 0.141333
19 0.294000 0.594667 0.012000 0.133333
19 0.221000 0.584000 0.014000 0.122667
110 0.809000 0.636000 0.194000 0.322667
110 0.618000 0.649333 0.148000 0.290667
110 0.502000 0.717333 0.100000 0.240000
26 0.503000 0.472000 0.878000 0.293333
26 0.364000 0.348000 0.316000 0.162667
31 0.546000 0.905333 0.124000 0.109333
7 0.497000 0.909333 0.190000 0.160000
1 0.481000 0.752000 0.066000 0.192000
13 0.658000 0.890667 0.020000 0.181333
13 0.964000 0.404000 0.072000 0.712000
63 0.741000 0.969333 0.118000 0.066667
4 0.471000 0.716000 0.034000 0.066667
66 0.464000 0.761333 0.028000 0.034667
76 0.773000 0.666667 0.106000 0.042667
17 0.500000 0.216000 0.996000 0.432000
28 0.250000 0.930667 0.032000 0.026667
28 0.189000 0.949333 0.014000 0.016000
28 0.301000 0.966667 0.026000 0.029333