37 0.500000 0.107000 1.000000 0.214000
19 0.575075 0.278000 0.033033 0.016000
25 0.612613 0.265000 0.018018 0.006000
56 0.500000 0.796000 1.000000 0.408000
117 0.487988 0.502000 0.435435 0.516000
11 0.500000 0.787000 1.000000 0.426000
22 0.812312 0.318000 0.375375 0.244000
82 0.468468 0.647000 0.090090 0.190000
78 0.536036 0.362000 0.147147 0.164000
24 0.770270 0.752000 0.459459 0.128000
8 0.496997 0.273000 0.993994 0.546000
2 0.792793 0.463000 0.414414 0.570000
2 0.258258 0.453000 0.516517 0.658000