83 0.364000 0.643072 0.084000 0.153614
15 0.778000 0.621988 0.084000 0.111446
15 0.338000 0.528614 0.060000 0.069277
15 0.563000 0.451807 0.074000 0.102410
42 0.456000 0.525602 0.212000 0.364458
1 0.757000 0.597892 0.462000 0.792169
29 0.760000 0.884036 0.360000 0.225904
27 0.652000 0.599398 0.668000 0.789157
93 0.648000 0.519578 0.200000 0.298193
93 0.931000 0.275602 0.134000 0.274096
93 0.733000 0.231928 0.282000 0.222892
93 0.963000 0.701807 0.070000 0.198795
120 0.029000 0.218373 0.050000 0.262048
48 0.353000 0.942771 0.106000 0.096386
3 0.501000 0.468373 0.994000 0.936747
0 0.173000 0.212349 0.346000 0.424699
23 0.431000 0.603916 0.262000 0.786145