74 0.888000 0.840000 0.224000 0.320000
19 0.261000 0.269333 0.030000 0.058667
25 0.235000 0.337333 0.014000 0.018667
26 0.741000 0.244000 0.514000 0.082667
11 0.154000 0.774667 0.308000 0.429333
7 0.180000 0.805333 0.244000 0.202667
7 0.903000 0.641333 0.114000 0.701333
7 0.865000 0.377333 0.130000 0.157333
14 0.452000 0.661333 0.060000 0.272000
14 0.488000 0.652000 0.036000 0.226667
82 0.726000 0.646667 0.096000 0.274667
30 0.036000 0.397333 0.008000 0.010667
62 0.659000 0.244000 0.006000 0.045333
62 0.711000 0.253333 0.006000 0.053333
141 0.429000 0.438667 0.042000 0.120000
41 0.113000 0.360000 0.006000 0.005333
41 0.804000 0.389333 0.028000 0.026667
2 0.446000 0.104000 0.060000 0.208000
17 0.302000 0.137333 0.180000 0.274667
17 0.047000 0.142667 0.094000 0.285333
137 0.505000 0.528000 0.626000 0.581333
137 0.088000 0.382667 0.120000 0.098667