37 0.500000 0.334835 1.000000 0.465465
21 0.444000 0.561562 0.012000 0.036036
127 0.284000 0.292793 0.016000 0.021021
44 0.530000 0.483483 0.060000 0.084084
44 0.616000 0.503003 0.052000 0.069069
44 0.905000 0.504505 0.054000 0.072072
7 0.499000 0.761261 0.990000 0.273273
12 0.456000 0.429429 0.024000 0.186186
40 0.500000 0.849850 1.000000 0.012012
61 0.242000 0.414414 0.072000 0.108108
41 0.613000 0.507508 0.090000 0.174174
41 0.222000 0.439940 0.256000 0.339339
41 0.522000 0.493994 0.152000 0.219219
41 0.894000 0.524024 0.112000 0.177177
43 0.355000 0.566066 0.134000 0.015015