77 0.411145 0.635000 0.563253 0.294000
5 0.496988 0.495000 0.987952 0.990000
21 0.009036 0.453000 0.018072 0.086000
127 0.201807 0.475000 0.024096 0.034000
31 0.045181 0.647000 0.048193 0.038000
7 0.810241 0.201000 0.108434 0.054000
13 0.804217 0.771000 0.391566 0.218000
13 0.600904 0.606000 0.798193 0.340000
51 0.500000 0.100000 0.987952 0.196000
9 0.186747 0.414000 0.024096 0.012000
3 0.256024 0.328000 0.512048 0.340000
3 0.745482 0.358000 0.509036 0.476000
0 0.677711 0.196000 0.060241 0.040000
0 0.558735 0.211000 0.051205 0.038000
0 0.052711 0.195000 0.057229 0.070000
0 0.164157 0.201000 0.045181 0.054000
0 0.429217 0.423000 0.039157 0.050000
0 0.466867 0.216000 0.042169 0.048000
0 0.271084 0.207000 0.048193 0.054000
0 0.118976 0.434000 0.045181 0.056000
0 0.326807 0.428000 0.045181 0.052000
0 0.841867 0.177000 0.087349 0.054000
0 0.375000 0.211000 0.039157 0.054000