26 0.330000 0.824324 0.660000 0.111111
26 0.825000 0.816817 0.342000 0.126126
56 0.750000 0.692192 0.476000 0.153153
56 0.500000 0.722222 1.000000 0.549550
56 0.719000 0.803303 0.170000 0.369369
138 0.437000 0.794294 0.094000 0.087087
92 0.109000 0.567568 0.034000 0.024024
92 0.218000 0.659159 0.124000 0.159159
92 0.454000 0.411411 0.104000 0.120120
92 0.741000 0.678679 0.030000 0.048048
146 0.751000 0.704204 0.498000 0.171171
1 0.718000 0.797297 0.108000 0.285285
1 0.250000 0.786787 0.452000 0.426426
1 0.410000 0.677177 0.272000 0.645646
1 0.102000 0.698198 0.064000 0.297297
65 0.401000 0.563063 0.058000 0.117117
29 0.400000 0.840841 0.256000 0.318318
29 0.712000 0.848348 0.076000 0.153153
27 0.859000 0.615616 0.066000 0.108108
4 0.441000 0.582583 0.174000 0.294294
4 0.719000 0.744745 0.078000 0.096096
9 0.823000 0.833333 0.154000 0.129129
2 0.919000 0.373874 0.162000 0.507508