33 0.801000 0.619217 0.070000 0.099644
74 0.320000 0.870107 0.184000 0.238434
11 0.499000 0.809609 0.998000 0.380783
15 0.471000 0.736655 0.018000 0.042705
142 0.510000 0.729537 0.024000 0.028470
45 0.798000 0.483986 0.024000 0.014235
10 0.800000 0.492883 0.028000 0.032028
40 0.594000 0.798932 0.076000 0.074733
1 0.804000 0.567616 0.056000 0.181495
1 0.497000 0.750890 0.122000 0.362989
27 0.873000 0.526690 0.066000 0.071174
27 0.271000 0.523132 0.034000 0.085409
27 0.892000 0.122776 0.040000 0.053381
4 0.496000 0.676157 0.092000 0.113879
112 0.519000 0.871886 0.050000 0.028470
112 0.451000 0.898577 0.042000 0.053381
66 0.489000 0.772242 0.062000 0.099644
3 0.598000 0.594306 0.796000 0.099644