68 0.052395 0.486000 0.104790 0.072000
89 0.212575 0.486000 0.425150 0.280000
21 0.526946 0.179000 0.179641 0.254000
7 0.489521 0.757000 0.793413 0.486000
32 0.862275 0.374000 0.089820 0.412000
32 0.586826 0.280000 0.005988 0.036000
32 0.643713 0.280000 0.005988 0.036000
32 0.294910 0.203000 0.008982 0.038000
32 0.336826 0.204000 0.008982 0.036000
32 0.585329 0.330000 0.008982 0.036000
32 0.640719 0.333000 0.005988 0.038000
32 0.845808 0.209000 0.008982 0.046000
90 0.700599 0.417000 0.185629 0.222000
90 0.721557 0.181000 0.191617 0.262000
124 0.130240 0.441000 0.260479 0.058000
3 0.561377 0.025000 0.871257 0.050000
0 0.109281 0.174000 0.218563 0.348000