68 0.617333 0.871000 0.130667 0.138000
68 0.106667 0.808000 0.090667 0.200000
54 0.580000 0.582000 0.040000 0.080000
136 0.437333 0.135000 0.240000 0.018000
33 0.328000 0.698000 0.186667 0.236000
33 0.256000 0.717000 0.213333 0.270000
31 0.425333 0.886000 0.850667 0.220000
12 0.453333 0.436000 0.106667 0.068000
1 0.145333 0.618000 0.152000 0.500000
34 0.358667 0.626000 0.109333 0.024000
48 0.166667 0.879000 0.061333 0.042000
18 0.449333 0.731000 0.328000 0.238000
2 0.537333 0.570000 0.056000 0.040000
149 0.924000 0.844000 0.136000 0.312000
149 0.922667 0.861000 0.106667 0.278000
3 0.398667 0.462000 0.562667 0.652000
3 0.502667 0.490000 0.989333 0.980000