136 0.102102 0.108000 0.198198 0.216000
136 0.468468 0.116000 0.396396 0.228000
33 0.396396 0.919000 0.192192 0.158000
19 0.545045 0.398000 0.021021 0.032000
19 0.707207 0.406000 0.027027 0.044000
36 0.629129 0.385000 0.153153 0.118000
96 0.629129 0.352000 0.147147 0.032000
16 0.638138 0.388000 0.225225 0.176000
15 0.457958 0.961000 0.135135 0.078000
10 0.639640 0.380000 0.228228 0.164000
102 0.905405 0.698000 0.117117 0.108000
1 0.672673 0.650000 0.642643 0.700000
70 0.624625 0.396000 0.066066 0.020000
29 0.720721 0.887000 0.462462 0.226000
4 0.674174 0.701000 0.645646 0.486000