54 0.848000 0.629518 0.036000 0.120482
89 0.772000 0.810241 0.456000 0.379518
21 0.091000 0.487952 0.114000 0.831325
21 0.562000 0.500000 0.084000 0.795181
31 0.356000 0.924699 0.428000 0.150602
32 0.580000 0.563253 0.024000 0.030120
32 0.108000 0.489458 0.120000 0.021084
143 0.581000 0.843373 0.018000 0.018072
12 0.896000 0.841867 0.116000 0.111446
75 0.843000 0.323795 0.314000 0.617470
124 0.766000 0.737952 0.232000 0.114458
50 0.322000 0.480422 0.392000 0.756024
145 0.560000 0.801205 0.028000 0.168675
3 0.338000 0.445783 0.388000 0.885542
0 0.323000 0.373494 0.170000 0.343373