5 0.377778 0.241667 0.471111 0.183333
127 0.378889 0.106667 0.011111 0.020000
45 0.612222 0.298333 0.046667 0.056667
42 0.593333 0.443333 0.088889 0.206667
29 0.425556 0.681667 0.073333 0.256667
27 0.626667 0.568333 0.488889 0.590000
13 0.596667 0.620000 0.033333 0.506667
13 0.458889 0.658333 0.117778 0.483333
112 0.524444 0.780000 0.062222 0.033333
8 0.501111 0.166667 0.997778 0.326667
72 0.503333 0.666667 0.988889 0.666667
17 0.057778 0.311667 0.106667 0.083333
17 0.796667 0.235000 0.406667 0.250000
43 0.374444 0.271667 0.451111 0.083333
23 0.566667 0.535000 0.151111 0.530000