5 0.844000 0.354881 0.304000 0.709763
5 0.460000 0.282322 0.460000 0.559367
5 0.126000 0.230871 0.252000 0.461741
20 0.056000 0.381266 0.108000 0.166227
36 0.669000 0.180739 0.054000 0.087071
96 0.670000 0.175462 0.056000 0.023747
96 0.287000 0.443272 0.122000 0.131926
15 0.781000 0.464380 0.046000 0.036939
10 0.671000 0.160950 0.070000 0.121372
108 0.500000 0.732190 1.000000 0.514512
29 0.644000 0.536939 0.160000 0.187335
13 0.436000 0.275726 0.024000 0.551451
62 0.240000 0.420844 0.016000 0.102902
62 0.196000 0.420844 0.012000 0.108179
4 0.668000 0.333773 0.180000 0.240106
49 0.514000 0.678100 0.968000 0.448549
60 0.320000 0.751979 0.604000 0.480211
60 0.500000 0.725594 1.000000 0.543536
3 0.874000 0.589710 0.252000 0.213720
35 0.724000 0.815303 0.092000 0.300792
0 0.782000 0.312665 0.064000 0.319261
43 0.359000 0.266491 0.022000 0.274406
43 0.486000 0.250660 0.032000 0.253298
43 0.838000 0.319261 0.064000 0.348285
43 0.944000 0.317942 0.096000 0.377309