5 0.648000 0.156156 0.704000 0.312312
20 0.691000 0.576577 0.618000 0.846847
26 0.814000 0.190691 0.368000 0.219219
57 0.558000 0.728228 0.184000 0.537538
7 0.274000 0.593093 0.548000 0.813814
12 0.749000 0.463964 0.010000 0.015015
85 0.868000 0.569069 0.012000 0.039039
51 0.695000 0.578078 0.610000 0.843844
9 0.333000 0.040541 0.038000 0.021021
72 0.254000 0.533033 0.508000 0.933934
2 0.779000 0.213213 0.442000 0.426426
3 0.807000 0.454955 0.386000 0.519520
3 0.021000 0.402402 0.042000 0.264264
0 0.489000 0.572072 0.046000 0.219219