33 0.158667 0.802000 0.317333 0.288000
33 0.836000 0.824000 0.328000 0.324000
26 0.500000 0.683000 1.000000 0.106000
31 0.492000 0.866000 0.381333 0.264000
7 0.833333 0.964000 0.130667 0.060000
10 0.084000 0.644000 0.040000 0.032000
1 0.072000 0.667000 0.144000 0.082000
6 0.978667 0.683000 0.037333 0.062000
13 0.758667 0.647000 0.008000 0.026000
13 0.500000 0.636000 1.000000 0.028000
141 0.609333 0.937000 0.088000 0.114000
3 0.498667 0.318000 0.997333 0.636000
0 0.500000 0.644000 0.226667 0.168000
23 0.922667 0.669000 0.101333 0.094000