73 0.095000 0.472973 0.190000 0.123123
58 0.500000 0.153153 1.000000 0.306306
134 0.295000 0.669670 0.186000 0.216216
134 0.483000 0.756757 0.222000 0.234234
134 0.679000 0.509009 0.066000 0.057057
134 0.859000 0.521021 0.086000 0.063063
134 0.521000 0.728228 0.298000 0.357357
26 0.865000 0.716216 0.266000 0.237237
11 0.499000 0.827327 0.998000 0.339339
7 0.500000 0.687688 1.000000 0.618619
10 0.416000 0.602102 0.092000 0.111111
8 0.499000 0.154655 0.998000 0.309309
2 0.677000 0.349850 0.090000 0.147147
2 0.924000 0.354354 0.112000 0.078078
2 0.786000 0.337838 0.076000 0.135135
2 0.615000 0.454955 0.062000 0.075075
3 0.515000 0.303303 0.286000 0.204204