88 0.409000 0.365333 0.430000 0.357333
126 0.784000 0.230667 0.428000 0.402667
44 0.523000 0.730667 0.170000 0.538667
44 0.689000 0.832000 0.110000 0.336000
79 0.053000 0.924000 0.098000 0.146667
11 0.504000 0.486667 0.980000 0.184000
7 0.503000 0.666667 0.990000 0.346667
22 0.111000 0.406667 0.214000 0.296000
71 0.501000 0.498667 0.994000 0.997333
8 0.139000 0.166667 0.270000 0.322667
2 0.533000 0.110667 0.078000 0.210667
17 0.332000 0.193333 0.124000 0.376000
84 0.337000 0.184000 0.142000 0.357333