38 0.477477 0.236000 0.162162 0.032000
38 0.768769 0.230000 0.138138 0.052000
58 0.312312 0.321000 0.618619 0.410000
26 0.255255 0.673000 0.510511 0.110000
64 0.435435 0.377000 0.066066 0.042000
64 0.644144 0.495000 0.081081 0.050000
7 0.500000 0.861000 1.000000 0.270000
16 0.665165 0.220000 0.075075 0.048000
15 0.372372 0.239000 0.042042 0.030000
15 0.864865 0.204000 0.042042 0.020000
10 0.662162 0.231000 0.081081 0.070000
103 0.579580 0.379000 0.276276 0.198000
14 0.513514 0.327000 0.120120 0.090000
14 0.663664 0.414000 0.108108 0.120000
1 0.611111 0.358000 0.525526 0.324000
24 0.750751 0.757000 0.384384 0.070000
4 0.620120 0.289000 0.201201 0.130000
48 0.641141 0.495000 0.081081 0.050000
8 0.496997 0.147000 0.987988 0.294000
2 0.123123 0.553000 0.234234 0.338000
2 0.786787 0.582000 0.108108 0.096000
2 0.289790 0.536000 0.291291 0.188000
2 0.530030 0.604000 0.273273 0.128000
2 0.051051 0.446000 0.102102 0.296000
35 0.596096 0.509000 0.021021 0.014000
35 0.492492 0.426000 0.024024 0.012000
104 0.677177 0.979000 0.615616 0.038000