77 0.770000 0.836336 0.084000 0.033033
77 0.948000 0.896396 0.100000 0.033033
77 0.697000 0.899399 0.110000 0.021021
77 0.253000 0.863363 0.122000 0.027027
77 0.096000 0.873874 0.160000 0.024024
77 0.610000 0.830330 0.072000 0.039039
77 0.440000 0.861862 0.112000 0.018018
77 0.532000 0.828829 0.092000 0.042042
77 0.489000 0.900901 0.142000 0.024024
77 0.247000 0.822823 0.314000 0.036036
77 0.934000 0.839339 0.128000 0.027027
77 0.469000 0.852853 0.094000 0.018018
77 0.658000 0.872372 0.100000 0.027027
77 0.099000 0.909910 0.198000 0.030030
77 0.394000 0.911411 0.168000 0.027027
5 0.499000 0.400901 0.146000 0.405405
5 0.923000 0.334835 0.154000 0.423423
5 0.401000 0.388889 0.142000 0.387387
5 0.608000 0.253754 0.092000 0.351351
5 0.634000 0.518018 0.192000 0.195195
5 0.329000 0.486486 0.150000 0.186186
5 0.224000 0.385886 0.152000 0.309309
5 0.053000 0.408408 0.106000 0.264264
5 0.780000 0.414414 0.152000 0.246246
5 0.276000 0.659159 0.552000 0.267267
5 0.701000 0.361862 0.126000 0.201201
5 0.776000 0.654655 0.448000 0.324324
5 0.155000 0.478979 0.142000 0.123123
97 0.598000 0.249249 0.016000 0.024024
97 0.627000 0.247748 0.014000 0.027027
97 0.612000 0.247748 0.044000 0.027027
58 0.052000 0.159159 0.104000 0.060060
13 0.780000 0.687688 0.008000 0.252252
13 0.246000 0.686186 0.012000 0.249249
13 0.949000 0.764264 0.010000 0.159159
13 0.403000 0.771772 0.022000 0.252252
13 0.352000 0.687688 0.008000 0.240240
13 0.114000 0.728228 0.016000 0.339339
8 0.499000 0.169670 0.998000 0.339339
0 0.466000 0.552553 0.008000 0.006006
0 0.480000 0.303303 0.008000 0.006006
0 0.500000 0.354354 0.008000 0.006006
0 0.518000 0.316817 0.008000 0.009009
0 0.520000 0.261261 0.008000 0.006006
0 0.648000 0.639640 0.016000 0.024024
43 0.371000 0.343844 0.010000 0.009009
43 0.444000 0.342342 0.008000 0.006006
43 0.384000 0.294294 0.008000 0.006006
43 0.405000 0.337838 0.010000 0.009009
43 0.372000 0.298799 0.008000 0.009009