53 0.500000 0.104575 0.996000 0.209150
68 0.456000 0.435730 0.168000 0.326797
106 0.806000 0.433551 0.140000 0.095861
106 0.294000 0.699346 0.228000 0.405229
106 0.624000 0.481481 0.188000 0.200436
26 0.766000 0.072985 0.468000 0.145969
16 0.284000 0.052288 0.124000 0.043573
103 0.224000 0.635076 0.304000 0.655773
1 0.244000 0.510893 0.348000 0.960784
4 0.245000 0.246187 0.346000 0.366013
112 0.255000 0.938998 0.298000 0.122004
49 0.499000 0.880174 0.998000 0.239651
17 0.437000 0.104575 0.394000 0.209150
3 0.499000 0.511983 0.998000 0.531590
28 0.741000 0.157952 0.498000 0.106754