105 0.148000 0.626126 0.296000 0.201201
37 0.409000 0.268769 0.814000 0.447447
21 0.591000 0.608108 0.074000 0.303303
45 0.906000 0.635135 0.036000 0.045045
45 0.901000 0.519520 0.030000 0.036036
22 0.380000 0.397898 0.300000 0.285285
108 0.272000 0.117117 0.540000 0.228228
1 0.912000 0.599099 0.076000 0.189189
1 0.925000 0.710210 0.074000 0.189189
8 0.432000 0.304805 0.860000 0.591592
59 0.883000 0.762763 0.070000 0.474474
94 0.665000 0.630631 0.378000 0.618619
2 0.385000 0.402402 0.342000 0.330330
3 0.977000 0.782282 0.046000 0.285285