68 0.396000 0.503846 0.056000 0.053846
68 0.240000 0.330769 0.056000 0.076923
68 0.291000 0.320513 0.062000 0.112821
136 0.497000 0.208974 0.970000 0.166667
79 0.125000 0.882051 0.214000 0.230769
96 0.824000 0.334615 0.040000 0.028205
96 0.341000 0.344872 0.026000 0.007692
7 0.025000 0.684615 0.030000 0.061538
107 0.491000 0.088462 0.982000 0.171795
42 0.590000 0.493590 0.200000 0.238462
42 0.832000 0.444872 0.112000 0.212821
1 0.830000 0.461538 0.116000 0.353846
1 0.350000 0.432051 0.120000 0.238462
1 0.578000 0.362821 0.052000 0.048718
1 0.588000 0.506410 0.200000 0.264103
27 0.734000 0.488462 0.504000 0.433333
27 0.633000 0.489744 0.302000 0.302564
27 0.640000 0.497436 0.708000 0.425641
6 0.956000 0.530769 0.064000 0.384615
6 0.929000 0.480769 0.078000 0.330769
6 0.714000 0.488462 0.136000 0.264103
51 0.497000 0.174359 0.994000 0.307692
9 0.175000 0.587179 0.078000 0.076923
43 0.168000 0.107692 0.288000 0.194872