126 0.500000 0.344214 1.000000 0.605341
101 0.466000 0.261128 0.036000 0.029674
26 0.500000 0.390208 1.000000 0.489614
31 0.676000 0.863501 0.640000 0.261128
79 0.331000 0.216617 0.018000 0.023739
79 0.092000 0.416914 0.012000 0.020772
79 0.271000 0.360534 0.018000 0.020772
79 0.255000 0.563798 0.022000 0.029674
79 0.123000 0.240356 0.038000 0.041543
96 0.474000 0.283383 0.028000 0.014837
7 0.161000 0.878338 0.322000 0.243323
7 0.500000 0.713650 1.000000 0.074184
82 0.427000 0.580119 0.038000 0.186944
4 0.431000 0.388724 0.098000 0.213650
48 0.431000 0.695846 0.050000 0.038576
112 0.403000 0.672107 0.022000 0.032641
17 0.272000 0.053412 0.544000 0.106825