83 0.072000 0.624454 0.036000 0.200873
5 0.661000 0.458515 0.674000 0.532751
20 0.473000 0.737991 0.530000 0.524017
26 0.032000 0.578603 0.060000 0.406114
102 0.320000 0.421397 0.040000 0.318777
12 0.682000 0.814410 0.084000 0.196507
12 0.252000 0.807860 0.080000 0.192140
12 0.701000 0.620087 0.026000 0.017467
12 0.753000 0.674672 0.010000 0.013100
75 0.733000 0.700873 0.018000 0.048035
13 0.128000 0.355895 0.040000 0.703057
55 0.575000 0.840611 0.850000 0.318777
49 0.114000 0.803493 0.204000 0.165939
8 0.500000 0.268559 0.996000 0.519651
60 0.186000 0.692140 0.120000 0.109170
84 0.459000 0.827511 0.406000 0.344978
35 0.801000 0.897380 0.058000 0.135371
0 0.477000 0.587336 0.382000 0.179039
0 0.479000 0.600437 0.398000 0.231441