83 0.939940 0.654000 0.114114 0.056000
136 0.581081 0.115000 0.291291 0.114000
31 0.384384 0.866000 0.768769 0.268000
12 0.261261 0.413000 0.048048 0.074000
12 0.702703 0.424000 0.054054 0.068000
75 0.893393 0.491000 0.153153 0.138000
69 0.394895 0.814000 0.285285 0.168000
69 0.058559 0.714000 0.033033 0.172000
69 0.463964 0.464000 0.129129 0.084000
69 0.926426 0.437000 0.057057 0.118000
124 0.717718 0.610000 0.114114 0.028000
124 0.950450 0.785000 0.099099 0.090000
145 0.115616 0.672000 0.087087 0.192000
145 0.857357 0.655000 0.153153 0.046000
145 0.930931 0.635000 0.060060 0.034000
145 0.046547 0.748000 0.093093 0.272000
3 0.710210 0.448000 0.063063 0.228000
3 0.147147 0.435000 0.294294 0.870000
3 0.810811 0.397000 0.018018 0.154000
0 0.900901 0.491000 0.174174 0.166000
0 0.466967 0.474000 0.327327 0.192000