53 0.868000 0.537538 0.260000 0.108108
5 0.897000 0.527027 0.082000 0.063063
74 0.708000 0.825826 0.084000 0.144144
21 0.443000 0.644144 0.030000 0.183183
85 0.299000 0.382883 0.034000 0.111111
108 0.589000 0.280781 0.822000 0.507508
65 0.803000 0.740240 0.030000 0.027027
13 0.304000 0.566066 0.044000 0.483483
9 0.325000 0.794294 0.050000 0.069069
8 0.493000 0.253754 0.986000 0.507508
94 0.442000 0.675676 0.856000 0.438438
94 0.902000 0.642643 0.196000 0.138138
0 0.732000 0.572072 0.180000 0.123123
43 0.260000 0.615616 0.476000 0.096096