5 0.500000 0.344000 1.000000 0.688000
20 0.648000 0.284000 0.704000 0.562667
122 0.706000 0.817333 0.584000 0.360000
11 0.499000 0.756000 0.998000 0.472000
114 0.145000 0.074667 0.062000 0.074667
22 0.263000 0.794667 0.282000 0.208000
22 0.073000 0.324000 0.146000 0.317333
75 0.711000 0.821333 0.578000 0.352000
55 0.502000 0.398667 0.680000 0.248000
51 0.671000 0.290667 0.658000 0.581333
9 0.143000 0.074667 0.058000 0.069333
133 0.257000 0.730667 0.514000 0.096000
94 0.479000 0.360000 0.958000 0.720000
2 0.070000 0.318667 0.140000 0.301333
104 0.357000 0.293333 0.166000 0.037333
104 0.615000 0.404000 0.326000 0.152000