38 0.233000 0.478916 0.250000 0.277108
19 0.165000 0.072289 0.094000 0.126506
25 0.257000 0.173193 0.050000 0.081325
7 0.500000 0.716867 0.996000 0.566265
10 0.231000 0.197289 0.242000 0.370482
118 0.524000 0.569277 0.044000 0.078313
62 0.930000 0.245482 0.060000 0.490964
55 0.501000 0.921687 0.998000 0.150602
4 0.224000 0.527108 0.260000 0.457831
9 0.597000 0.263554 0.626000 0.527108
72 0.504000 0.655120 0.988000 0.436747
76 0.723000 0.849398 0.254000 0.295181
2 0.146000 0.234940 0.288000 0.463855
17 0.781000 0.278614 0.078000 0.117470