54 0.511000 0.564000 0.022000 0.088000
83 0.150000 0.709333 0.160000 0.117333
33 0.873000 0.489333 0.254000 0.317333
31 0.497000 0.905333 0.990000 0.184000
96 0.688000 0.506667 0.028000 0.016000
1 0.403000 0.402667 0.322000 0.805333
29 0.394000 0.565333 0.208000 0.458667
6 0.747000 0.540000 0.130000 0.173333
98 0.337000 0.202667 0.114000 0.272000
18 0.531000 0.656000 0.338000 0.138667
3 0.509000 0.362667 0.978000 0.714667
0 0.804000 0.133333 0.212000 0.149333
23 0.684000 0.548000 0.076000 0.152000
23 0.157000 0.433333 0.158000 0.728000