32 0.634000 0.623123 0.020000 0.081081
85 0.877000 0.639640 0.042000 0.054054
85 0.708000 0.654655 0.060000 0.060060
13 0.041000 0.409910 0.014000 0.099099
13 0.177000 0.267267 0.014000 0.192192
9 0.536000 0.567568 0.096000 0.066066
8 0.289000 0.214715 0.578000 0.429429
59 0.083000 0.884384 0.162000 0.237237
133 0.307000 0.759760 0.614000 0.486486
94 0.504000 0.581081 0.972000 0.843844
2 0.671000 0.372372 0.658000 0.744745
2 0.211000 0.358859 0.206000 0.153153
35 0.563000 0.882883 0.078000 0.150150
0 0.544000 0.382883 0.084000 0.219219
0 0.333000 0.408408 0.018000 0.114114