5 0.707000 0.308917 0.582000 0.545648
126 0.500000 0.614650 1.000000 0.146497
147 0.762000 0.437367 0.032000 0.008493
11 0.498000 0.821656 0.996000 0.352442
7 0.499000 0.828025 0.998000 0.335456
16 0.769000 0.458599 0.090000 0.110403
10 0.773000 0.442675 0.062000 0.074310
42 0.771000 0.581741 0.274000 0.225053
14 0.833000 0.811040 0.094000 0.254777
51 0.826000 0.414013 0.348000 0.191083
112 0.785000 0.954352 0.222000 0.048832
8 0.178000 0.264331 0.356000 0.528662
23 0.765000 0.690021 0.286000 0.569002