88 0.448000 0.530374 0.300000 0.163551
126 0.927000 0.529206 0.138000 0.292056
126 0.741000 0.525701 0.310000 0.079439
37 0.807000 0.101636 0.382000 0.109813
26 0.501000 0.467290 0.994000 0.163551
14 0.316000 0.572430 0.028000 0.074766
62 0.382000 0.461449 0.020000 0.142523
131 0.364000 0.295561 0.096000 0.007009
109 0.231000 0.731308 0.150000 0.200935
109 0.698000 0.737150 0.196000 0.193925
24 0.829000 0.857477 0.338000 0.280374
24 0.715000 0.607477 0.226000 0.028037
8 0.501000 0.144860 0.994000 0.280374
18 0.475000 0.761682 0.646000 0.453271
81 0.480000 0.619159 0.352000 0.163551
28 0.271000 0.353972 0.542000 0.161215