31 0.365333 0.963000 0.714667 0.082000
44 0.852000 0.426000 0.109333 0.152000
7 0.868000 0.286000 0.056000 0.044000
32 0.549333 0.677000 0.058667 0.030000
75 0.942667 0.240000 0.082667 0.480000
69 0.798667 0.609000 0.109333 0.106000
69 0.786667 0.778000 0.106667 0.084000
69 0.928000 0.410000 0.085333 0.108000
69 0.410667 0.837000 0.128000 0.098000
69 0.600000 0.972000 0.186667 0.048000
90 0.452000 0.307000 0.312000 0.026000
124 0.846667 0.656000 0.232000 0.176000
149 0.861333 0.534000 0.053333 0.072000
3 0.393333 0.746000 0.600000 0.508000
0 0.920000 0.808000 0.042667 0.044000