130 0.639000 0.671171 0.102000 0.177177
7 0.500000 0.929429 1.000000 0.141141
42 0.639000 0.665165 0.082000 0.165165
102 0.252000 0.114114 0.104000 0.138138
39 0.929000 0.527027 0.106000 0.051051
39 0.966000 0.587087 0.040000 0.069069
39 0.896000 0.834835 0.072000 0.102102
39 0.826000 0.788288 0.072000 0.099099
39 0.873000 0.675676 0.026000 0.102102
39 0.962000 0.478979 0.044000 0.027027
22 0.904000 0.839339 0.092000 0.093093
22 0.881000 0.675676 0.050000 0.066066
1 0.637000 0.759760 0.106000 0.480480
120 0.893000 0.726727 0.214000 0.546547
60 0.498000 0.765766 0.992000 0.456456
52 0.618000 0.537538 0.156000 0.090090
28 0.266000 0.656156 0.532000 0.075075
28 0.100000 0.834835 0.200000 0.120120
0 0.500000 0.503003 0.992000 0.975976