67 0.702000 0.733533 0.156000 0.526946
110 0.393000 0.377246 0.590000 0.754491
26 0.727000 0.712575 0.242000 0.568862
91 0.794000 0.799401 0.152000 0.251497
96 0.727000 0.547904 0.034000 0.017964
16 0.883000 0.317365 0.038000 0.059880
16 0.731000 0.381737 0.054000 0.134731
45 0.822000 0.766467 0.104000 0.197605
45 0.734000 0.502994 0.076000 0.065868
1 0.837000 0.664671 0.326000 0.664671
27 0.804000 0.642216 0.388000 0.709581
4 0.916000 0.585329 0.168000 0.308383
4 0.725000 0.464072 0.054000 0.149701
4 0.734000 0.660180 0.088000 0.188623
4 0.656000 0.437126 0.032000 0.077844
66 0.944000 0.820359 0.112000 0.281437
49 0.485000 0.751497 0.338000 0.491018
17 0.507000 0.281437 0.094000 0.562874
84 0.508000 0.446108 0.364000 0.598802
23 0.657000 0.441617 0.038000 0.098802
23 0.717000 0.441617 0.078000 0.260479