20 0.511000 0.205314 0.110000 0.173913
20 0.123000 0.207729 0.246000 0.415459
25 0.676000 0.480676 0.032000 0.043478
7 0.470000 0.628019 0.940000 0.739130
10 0.667000 0.498792 0.210000 0.306763
12 0.468000 0.817633 0.200000 0.219807
1 0.414000 0.195652 0.116000 0.207729
30 0.587000 0.611111 0.058000 0.062802
27 0.620000 0.194444 0.164000 0.388889
6 0.255000 0.222222 0.050000 0.169082
6 0.720000 0.201691 0.084000 0.282609
6 0.853000 0.170290 0.066000 0.214976
62 0.964000 0.132850 0.040000 0.265700
55 0.459000 0.629227 0.918000 0.731884
49 0.897000 0.644928 0.194000 0.690821
60 0.473000 0.625604 0.946000 0.743961
35 0.166000 0.335749 0.048000 0.149758