5 0.686000 0.364865 0.628000 0.729730
33 0.114000 0.966967 0.148000 0.066066
57 0.535000 0.430931 0.162000 0.339339
16 0.732000 0.716216 0.252000 0.327327
32 0.332000 0.557057 0.052000 0.093093
45 0.311000 0.093093 0.118000 0.078078
119 0.786000 0.436937 0.264000 0.183183
4 0.713000 0.888889 0.318000 0.216216
59 0.307000 0.094595 0.078000 0.033033
18 0.441000 0.968468 0.226000 0.057057
3 0.058000 0.381381 0.104000 0.756757
0 0.670000 0.372372 0.656000 0.744745
23 0.716000 0.771772 0.316000 0.450450