97 0.513333 0.373000 0.648000 0.498000
7 0.761333 0.870000 0.477333 0.260000
16 0.228000 0.321000 0.168000 0.094000
15 0.576000 0.316000 0.016000 0.072000
15 0.558667 0.363000 0.082667 0.046000
45 0.133333 0.299000 0.112000 0.086000
42 0.329333 0.539000 0.248000 0.314000
42 0.926667 0.380000 0.141333 0.224000
40 0.842667 0.953000 0.314667 0.094000
1 0.920000 0.456000 0.160000 0.536000
1 0.853333 0.340000 0.064000 0.260000
65 0.465333 0.289000 0.040000 0.038000
0 0.897333 0.147000 0.120000 0.102000
0 0.089333 0.156000 0.178667 0.208000
23 0.124000 0.394000 0.130667 0.276000
23 0.274667 0.627000 0.400000 0.746000