115 0.664000 0.917910 0.124000 0.128358
115 0.437000 0.947761 0.146000 0.104478
64 0.442000 0.904478 0.056000 0.077612
7 0.499000 0.626866 0.998000 0.746269
15 0.574000 0.508955 0.044000 0.086567
45 0.442000 0.168657 0.068000 0.098507
10 0.442000 0.188060 0.068000 0.137313
69 0.730000 0.738806 0.024000 0.038806
69 0.704000 0.958209 0.036000 0.041791
69 0.547000 0.628358 0.034000 0.074627
13 0.332000 0.261194 0.012000 0.325373
13 0.131000 0.255224 0.074000 0.510448
13 0.694000 0.141791 0.012000 0.283582
13 0.647000 0.616418 0.186000 0.265672
13 0.173000 0.341791 0.010000 0.277612
13 0.037000 0.205970 0.022000 0.304478
13 0.239000 0.305970 0.014000 0.319403
13 0.989000 0.108955 0.010000 0.200000
13 0.423000 0.117910 0.014000 0.032836
13 0.694000 0.143284 0.016000 0.268657
13 0.798000 0.135821 0.016000 0.247761
13 0.894000 0.125373 0.016000 0.226866