31 0.163000 0.880000 0.286000 0.192000
44 0.521000 0.405333 0.018000 0.069333
44 0.474000 0.208000 0.040000 0.053333
44 0.555000 0.277333 0.022000 0.026667
44 0.469000 0.368000 0.022000 0.037333
44 0.550000 0.308000 0.028000 0.040000
71 0.486000 0.164000 0.100000 0.189333
71 0.617000 0.196000 0.142000 0.152000
93 0.660000 0.493333 0.152000 0.138667
93 0.442000 0.481333 0.120000 0.104000
120 0.102000 0.353333 0.036000 0.050667
18 0.458000 0.614667 0.368000 0.189333
149 0.513000 0.492000 0.026000 0.141333
3 0.645000 0.186667 0.710000 0.362667
0 0.088000 0.212000 0.124000 0.418667