21 0.623000 0.528470 0.010000 0.053381
21 0.834000 0.578292 0.024000 0.088968
21 0.873000 0.578292 0.022000 0.074733
26 0.578000 0.891459 0.596000 0.217082
7 0.634000 0.549822 0.020000 0.160142
8 0.500000 0.192171 0.992000 0.384342
17 0.039000 0.370107 0.078000 0.213523
17 0.865000 0.380783 0.066000 0.270463
17 0.102000 0.382562 0.064000 0.188612
17 0.466000 0.450178 0.040000 0.124555
17 0.603000 0.403915 0.078000 0.245552
17 0.752000 0.843416 0.120000 0.291815
28 0.452000 0.738434 0.012000 0.010676
0 0.777000 0.555160 0.022000 0.028470