86 0.605000 0.329333 0.242000 0.109333
86 0.528000 0.477333 0.176000 0.138667
86 0.438000 0.105333 0.108000 0.104000
86 0.227000 0.382667 0.158000 0.130667
86 0.780000 0.449333 0.236000 0.141333
86 0.312000 0.517333 0.200000 0.144000
86 0.604000 0.648000 0.228000 0.208000
86 0.300000 0.706667 0.264000 0.240000
86 0.798000 0.578667 0.268000 0.170667
86 0.434000 0.357333 0.148000 0.117333
86 0.771000 0.313333 0.150000 0.077333
86 0.280000 0.154667 0.116000 0.058667
86 0.110000 0.153333 0.124000 0.061333
89 0.502000 0.189333 0.936000 0.117333
80 0.314000 0.481333 0.200000 0.205333
80 0.751000 0.457333 0.034000 0.045333
80 0.298000 0.710667 0.224000 0.216000
80 0.544000 0.328000 0.112000 0.090667
80 0.538000 0.453333 0.160000 0.165333
80 0.233000 0.373333 0.146000 0.138667
80 0.606000 0.621333 0.212000 0.234667
80 0.432000 0.345333 0.140000 0.136000
80 0.806000 0.461333 0.044000 0.032000
80 0.855000 0.442667 0.042000 0.042667
80 0.748000 0.402667 0.032000 0.042667
80 0.733000 0.420000 0.046000 0.034667
80 0.730000 0.568000 0.076000 0.048000
80 0.808000 0.602667 0.088000 0.053333
80 0.794000 0.548000 0.092000 0.050667
80 0.867000 0.618667 0.070000 0.058667
7 0.835000 0.354667 0.050000 0.069333
22 0.130000 0.580000 0.028000 0.045333
34 0.105000 0.069333 0.142000 0.037333
90 0.501000 0.185333 0.934000 0.120000
9 0.544000 0.302667 0.036000 0.050667
9 0.806000 0.316000 0.076000 0.072000
9 0.089000 0.454667 0.094000 0.082667
9 0.636000 0.312000 0.068000 0.058667
104 0.545000 0.297333 0.022000 0.008000