33 0.777000 0.836000 0.282000 0.322667
89 0.878000 0.926667 0.240000 0.146667
21 0.822000 0.402667 0.140000 0.368000
31 0.524000 0.878667 0.432000 0.242667
102 0.657000 0.270667 0.042000 0.034667
71 0.401000 0.340000 0.094000 0.125333
93 0.319000 0.514667 0.086000 0.117333
93 0.141000 0.541333 0.118000 0.117333
93 0.557000 0.500000 0.094000 0.104000
93 0.238000 0.545333 0.120000 0.141333
141 0.293000 0.336000 0.150000 0.309333
18 0.025000 0.633333 0.050000 0.034667
3 0.385000 0.357333 0.766000 0.650667