138 0.617000 0.445333 0.070000 0.064000
138 0.752000 0.378667 0.024000 0.069333
7 0.500000 0.662667 1.000000 0.680000
15 0.625000 0.441333 0.050000 0.056000
45 0.663000 0.318667 0.070000 0.109333
146 0.496000 0.705333 0.992000 0.594667
42 0.624000 0.440000 0.208000 0.234667
22 0.202000 0.242667 0.156000 0.101333
22 0.202000 0.429333 0.060000 0.032000
1 0.633000 0.581333 0.266000 0.650667
29 0.580000 0.688000 0.112000 0.298667
71 0.500000 0.501333 1.000000 1.002667
13 0.619000 0.721333 0.010000 0.536000
112 0.571000 0.862667 0.094000 0.077333
9 0.595000 0.201333 0.142000 0.077333
72 0.497000 0.654667 0.994000 0.696000
133 0.136000 0.868000 0.232000 0.130667
17 0.255000 0.282667 0.498000 0.565333