68 0.092000 0.473333 0.184000 0.157333
19 0.744000 0.481333 0.084000 0.088000
36 0.571000 0.456000 0.230000 0.389333
16 0.708000 0.384000 0.456000 0.757333
15 0.386000 0.558667 0.112000 0.258667
15 0.475000 0.717333 0.182000 0.394667
10 0.697000 0.382667 0.482000 0.760000
47 0.603000 0.825333 0.018000 0.029333
47 0.608000 0.850667 0.020000 0.021333
47 0.603000 0.874667 0.022000 0.021333
47 0.581000 0.909333 0.022000 0.016000
47 0.589000 0.761333 0.018000 0.034667
1 0.646000 0.498667 0.636000 0.997333
34 0.190000 0.908000 0.304000 0.184000
34 0.157000 0.714667 0.234000 0.224000
4 0.669000 0.789333 0.590000 0.421333
18 0.202000 0.752000 0.404000 0.496000