144 0.810000 0.617117 0.332000 0.123123
11 0.677000 0.837838 0.042000 0.048048
65 0.101000 0.636637 0.010000 0.024024
65 0.111000 0.636637 0.010000 0.024024
65 0.122000 0.635135 0.008000 0.021021
65 0.132000 0.636637 0.008000 0.024024
62 0.966000 0.503003 0.048000 0.183183
62 0.825000 0.507508 0.042000 0.132132
94 0.510000 0.621622 0.944000 0.372372
35 0.208000 0.782282 0.020000 0.051051
35 0.246000 0.782282 0.020000 0.033033
35 0.355000 0.759760 0.018000 0.042042
35 0.389000 0.755255 0.014000 0.039039
0 0.124000 0.534535 0.128000 0.072072