56 0.207000 0.783133 0.394000 0.090361
127 0.448000 0.492470 0.028000 0.039157
127 0.587000 0.542169 0.030000 0.036145
138 0.436000 0.545181 0.028000 0.042169
11 0.659000 0.849398 0.190000 0.192771
11 0.906000 0.884036 0.192000 0.117470
7 0.499000 0.856928 0.994000 0.237952
118 0.514000 0.646084 0.040000 0.057229
92 0.516000 0.391566 0.060000 0.132530
12 0.306000 0.519578 0.036000 0.484940
1 0.512000 0.626506 0.184000 0.614458
13 0.316000 0.518072 0.020000 0.481928
13 0.770000 0.445783 0.036000 0.765060
76 0.462000 0.825301 0.064000 0.204819
76 0.474000 0.881024 0.028000 0.087349
2 0.412000 0.653614 0.076000 0.174699
2 0.664000 0.682229 0.144000 0.225904
2 0.213000 0.593373 0.258000 0.295181
2 0.949000 0.650602 0.094000 0.234940
17 0.389000 0.572289 0.118000 0.391566
17 0.055000 0.456325 0.106000 0.587349
17 0.132000 0.402108 0.124000 0.683735