53 0.501000 0.258258 1.002000 0.516517
5 0.648000 0.324324 0.704000 0.648649
5 0.074000 0.240240 0.060000 0.336336
5 0.200000 0.181682 0.192000 0.363363
105 0.470000 0.554054 0.800000 0.615616
21 0.596000 0.609610 0.108000 0.444444
127 0.536000 0.372372 0.028000 0.036036
7 0.500000 0.759760 1.000000 0.306306
102 0.064000 0.385886 0.084000 0.771772
12 0.338000 0.219219 0.088000 0.060060
13 0.882000 0.394895 0.024000 0.543544
13 0.833000 0.244745 0.026000 0.441441
55 0.502000 0.758258 0.992000 0.471471
9 0.881000 0.210210 0.074000 0.216216
9 0.737000 0.363363 0.126000 0.054054
60 0.499000 0.747748 0.994000 0.486486
76 0.502000 0.738739 0.080000 0.174174
94 0.128000 0.333333 0.256000 0.066066
0 0.808000 0.183183 0.036000 0.132132
0 0.752000 0.199700 0.068000 0.147147
0 0.700000 0.130631 0.020000 0.051051
0 0.750000 0.193694 0.068000 0.135135
43 0.949000 0.127628 0.106000 0.177177