5 0.762000 0.552050 0.472000 0.498423
105 0.132000 0.774448 0.188000 0.066246
8 0.498000 0.159306 0.996000 0.318612
41 0.186000 0.632492 0.108000 0.141956
41 0.619000 0.627760 0.082000 0.138801
125 0.310000 0.782334 0.108000 0.063091
43 0.589000 0.493691 0.042000 0.047319
43 0.279000 0.720820 0.070000 0.009464
43 0.701000 0.388013 0.030000 0.044164
43 0.919000 0.607256 0.134000 0.066246
43 0.908000 0.523659 0.032000 0.037855
43 0.776000 0.719243 0.160000 0.012618
43 0.751000 0.645110 0.214000 0.072555
104 0.816000 0.708202 0.068000 0.022082