74 0.499000 0.729665 0.990000 0.531100
56 0.499000 0.500000 0.998000 1.000000
138 0.338000 0.662679 0.056000 0.062201
11 0.506000 0.179426 0.980000 0.354067
7 0.497000 0.730861 0.994000 0.538278
45 0.632000 0.438995 0.052000 0.050239
92 0.189000 0.537081 0.058000 0.078947
92 0.632000 0.437799 0.052000 0.047847
14 0.611000 0.648325 0.106000 0.114833
14 0.714000 0.649522 0.092000 0.165072
82 0.653000 0.648325 0.210000 0.157895
1 0.300000 0.675837 0.136000 0.318182
1 0.659000 0.570574 0.222000 0.380383
1 0.160000 0.655502 0.168000 0.315789
1 0.657000 0.566986 0.226000 0.387560
1 0.141000 0.638756 0.158000 0.287081
29 0.139000 0.684211 0.130000 0.172249