129 0.771000 0.711230 0.078000 0.042781
136 0.502000 0.116310 0.996000 0.216578
89 0.188000 0.814171 0.376000 0.371658
21 0.421000 0.763369 0.086000 0.216578
21 0.503000 0.887701 0.134000 0.224599
122 0.088000 0.395722 0.176000 0.454545
102 0.649000 0.308824 0.050000 0.088235
12 0.404000 0.104278 0.048000 0.032086
85 0.468000 0.137701 0.040000 0.029412
124 0.612000 0.593583 0.108000 0.042781
18 0.709000 0.840909 0.550000 0.318182
81 0.374000 0.612299 0.164000 0.058824
3 0.336000 0.334225 0.384000 0.524064
3 0.870000 0.459893 0.192000 0.566845
0 0.649000 0.387701 0.278000 0.299465