25 0.493781 0.504000 0.032338 0.020000
25 0.186567 0.282000 0.029851 0.016000
25 0.495025 0.503000 0.034826 0.018000
10 0.449005 0.507000 0.335821 0.214000
14 0.615672 0.792000 0.072139 0.140000
14 0.550995 0.822000 0.072139 0.092000
14 0.228856 0.691000 0.119403 0.198000
82 0.324627 0.656000 0.097015 0.208000
30 0.603234 0.543000 0.042289 0.022000
30 0.286070 0.335000 0.029851 0.022000
63 0.674129 0.401000 0.099502 0.066000
63 0.747512 0.390000 0.101990 0.056000
63 0.694030 0.928000 0.606965 0.132000
63 0.761194 0.295000 0.169154 0.106000
63 0.626866 0.491000 0.154229 0.102000
63 0.493781 0.324000 0.186567 0.072000
24 0.575871 0.658000 0.216418 0.188000
24 0.241294 0.737000 0.174129 0.110000
8 0.508706 0.078000 0.579602 0.132000