53 0.498667 0.240000 0.997333 0.480000
5 0.498667 0.183000 0.997333 0.366000
87 0.369333 0.806000 0.013333 0.016000
87 0.466667 0.979000 0.026667 0.018000
87 0.372000 0.980000 0.018667 0.016000
87 0.461333 0.810000 0.021333 0.016000
147 0.428000 0.349000 0.237333 0.050000
80 0.401333 0.624000 0.376000 0.304000
7 0.844000 0.748000 0.312000 0.500000
42 0.492000 0.701000 0.984000 0.598000
12 0.617333 0.096000 0.104000 0.064000
1 0.497333 0.563000 0.994667 0.866000
70 0.413333 0.471000 0.128000 0.070000
6 0.642667 0.401000 0.106667 0.118000
9 0.857333 0.472000 0.162667 0.084000
3 0.881333 0.464000 0.221333 0.096000
43 0.622667 0.108000 0.754667 0.216000