5 0.111111 0.345000 0.222222 0.170000
5 0.686186 0.328000 0.447447 0.108000
134 0.229730 0.358000 0.039039 0.028000
11 0.099099 0.426000 0.168168 0.028000
11 0.151652 0.594000 0.243243 0.256000
7 0.506006 0.655000 0.921922 0.570000
10 0.507508 0.346000 0.084084 0.092000
82 0.471471 0.800000 0.042042 0.076000
30 0.507508 0.357000 0.024024 0.018000
55 0.539039 0.764000 0.867868 0.452000
51 0.681682 0.293000 0.438438 0.038000
51 0.115616 0.283000 0.231231 0.054000
112 0.554054 0.860000 0.063063 0.040000
8 0.493994 0.097000 0.975976 0.182000
17 0.500000 0.216000 0.987988 0.316000
0 0.816817 0.326000 0.042042 0.036000
23 0.483483 0.589000 0.366366 0.578000