5 0.501000 0.435574 0.994000 0.859944
33 0.270000 0.875350 0.020000 0.064426
21 0.694000 0.722689 0.048000 0.067227
127 0.230000 0.210084 0.460000 0.420168
40 0.547000 0.822129 0.898000 0.327731
40 0.546000 0.824930 0.896000 0.282913
1 0.451000 0.840336 0.074000 0.263305
6 0.193000 0.830532 0.058000 0.271709
13 0.771000 0.390756 0.026000 0.775910
4 0.196000 0.778711 0.052000 0.084034
9 0.695000 0.669468 0.018000 0.016807
0 0.400000 0.634454 0.144000 0.042017
0 0.688000 0.042017 0.096000 0.084034
23 0.266000 0.836134 0.036000 0.109244