53 0.502000 0.278667 0.992000 0.541333
88 0.656000 0.509333 0.176000 0.266667
88 0.243000 0.517333 0.298000 0.261333
115 0.423000 0.478667 0.082000 0.029333
33 0.181000 0.753333 0.274000 0.477333
7 0.500000 0.728000 0.992000 0.533333
32 0.426000 0.506667 0.068000 0.042667
39 0.087000 0.349333 0.030000 0.037333
120 0.415000 0.421333 0.082000 0.074667
18 0.423000 0.481333 0.082000 0.029333
2 0.116000 0.498667 0.232000 0.997333
2 0.523000 0.352000 0.194000 0.256000
2 0.893000 0.158667 0.206000 0.285333
17 0.416000 0.237333 0.192000 0.218667
17 0.218000 0.089333 0.080000 0.168000
17 0.669000 0.293333 0.154000 0.149333