83 0.532000 0.662667 0.056000 0.258667
5 0.501000 0.500000 0.998000 0.994667
136 0.500000 0.216000 1.000000 0.421333
130 0.680000 0.729333 0.068000 0.152000
89 0.448000 0.614667 0.120000 0.082667
31 0.501000 0.821333 0.998000 0.357333
7 0.500000 0.818667 1.000000 0.352000
42 0.813000 0.674667 0.066000 0.037333
12 0.563000 0.346667 0.066000 0.090667
12 0.563000 0.237333 0.058000 0.080000
12 0.564000 0.126667 0.064000 0.082667
27 0.800000 0.650667 0.236000 0.186667
13 0.460000 0.668000 0.040000 0.397333
9 0.658000 0.350667 0.080000 0.104000
81 0.727000 0.670667 0.058000 0.077333
3 0.565000 0.538667 0.358000 0.234667
43 0.870000 0.529333 0.260000 0.456000
23 0.729000 0.649333 0.070000 0.130667