21 0.678000 0.508197 0.132000 0.584699
21 0.351000 0.509563 0.098000 0.587432
122 0.035000 0.218579 0.070000 0.229508
142 0.538000 0.702186 0.032000 0.054645
10 0.548000 0.516393 0.040000 0.087432
42 0.554000 0.635246 0.116000 0.193989
82 0.514000 0.702186 0.092000 0.087432
1 0.543000 0.633880 0.142000 0.322404
29 0.520000 0.726776 0.112000 0.136612
90 0.353000 0.464481 0.082000 0.010929
4 0.553000 0.583333 0.030000 0.095628
9 0.034000 0.221311 0.068000 0.229508
52 0.181000 0.312842 0.058000 0.308743
52 0.930000 0.173497 0.052000 0.341530
52 0.698000 0.371585 0.032000 0.316940
3 0.064000 0.453552 0.120000 0.907104
3 0.524000 0.389344 0.808000 0.756831
104 0.035000 0.427596 0.066000 0.051913