38 0.248000 0.793000 0.496000 0.414000
128 0.473333 0.363000 0.152000 0.294000
19 0.486667 0.388000 0.056000 0.048000
25 0.796000 0.425000 0.024000 0.018000
25 0.710667 0.406000 0.072000 0.032000
36 0.704000 0.441000 0.208000 0.330000
15 0.572000 0.606000 0.290667 0.280000
10 0.601333 0.413000 0.418667 0.410000
12 0.825333 0.342000 0.034667 0.016000
1 0.144000 0.510000 0.288000 0.380000
1 0.500000 0.607000 1.000000 0.786000
78 0.468000 0.540000 0.125333 0.152000
30 0.777333 0.458000 0.066667 0.068000
71 0.029333 0.328000 0.058667 0.144000
120 0.334667 0.397000 0.109333 0.046000
4 0.140000 0.565000 0.280000 0.206000
141 0.142667 0.600000 0.285333 0.264000
3 0.500000 0.283000 1.000000 0.430000