38 0.362000 0.374667 0.204000 0.077333
38 0.642000 0.458667 0.132000 0.064000
38 0.406000 0.614667 0.256000 0.290667
54 0.841000 0.458667 0.034000 0.117333
54 0.822000 0.429333 0.024000 0.064000
54 0.794000 0.421333 0.016000 0.058667
54 0.808000 0.456000 0.032000 0.122667
123 0.757000 0.158667 0.478000 0.317333
123 0.901000 0.782667 0.198000 0.434667
89 0.886000 0.557333 0.224000 0.133333
21 0.015000 0.333333 0.030000 0.442667
21 0.083000 0.334667 0.138000 0.440000
57 0.205000 0.948000 0.062000 0.104000
57 0.363000 0.914667 0.054000 0.170667
7 0.832000 0.440000 0.104000 0.138667
1 0.361000 0.580000 0.418000 0.792000
29 0.710000 0.898667 0.240000 0.202667
4 0.284000 0.657333 0.276000 0.536000
4 0.687000 0.692000 0.234000 0.429333
18 0.125000 0.726667 0.242000 0.301333
18 0.269000 0.948000 0.346000 0.098667
3 0.332000 0.216000 0.380000 0.432000
23 0.506000 0.626667 0.504000 0.746667