115 0.868000 0.834000 0.264000 0.328000
5 0.353333 0.404000 0.706667 0.732000
20 0.270667 0.881000 0.541333 0.238000
97 0.633333 0.291000 0.072000 0.094000
37 0.500000 0.226000 1.000000 0.452000
21 0.052000 0.491000 0.104000 0.166000
142 0.632000 0.283000 0.037333 0.030000
102 0.386667 0.388000 0.048000 0.052000
9 0.630667 0.292000 0.072000 0.092000
8 0.500000 0.223000 1.000000 0.446000
3 0.501333 0.174000 0.138667 0.256000
3 0.425333 0.672000 0.248000 0.156000
3 0.633333 0.279000 0.146667 0.430000
0 0.489333 0.317000 0.040000 0.066000
0 0.253333 0.366000 0.053333 0.072000
0 0.644000 0.422000 0.050667 0.092000
0 0.490667 0.425000 0.042667 0.070000