83 0.084000 0.814721 0.060000 0.101523
5 0.639000 0.522843 0.718000 0.680203
21 0.854000 0.763959 0.044000 0.152284
102 0.535000 0.625635 0.070000 0.474619
40 0.329000 0.960660 0.038000 0.027919
40 0.317000 0.939086 0.034000 0.020305
40 0.303000 0.920051 0.026000 0.017766
40 0.295000 0.903553 0.026000 0.015228
40 0.257000 0.922589 0.022000 0.012690
40 0.276000 0.963198 0.040000 0.022843
108 0.264000 0.945431 0.028000 0.022843
108 0.343000 0.991117 0.034000 0.012690
13 0.272000 0.826142 0.020000 0.114213
51 0.879000 0.667513 0.098000 0.065990
49 0.622000 0.815990 0.756000 0.159898
49 0.170000 0.873096 0.340000 0.152284
60 0.499000 0.878173 0.998000 0.233503
81 0.633000 0.352792 0.730000 0.335025
0 0.950000 0.541878 0.060000 0.109137
0 0.866000 0.534264 0.032000 0.114213
0 0.459000 0.586294 0.030000 0.071066
0 0.592000 0.532995 0.032000 0.121827
0 0.606000 0.733503 0.056000 0.121827
43 0.529000 0.717005 0.034000 0.088832
43 0.945000 0.723350 0.054000 0.101523
43 0.376000 0.604061 0.020000 0.065990
43 0.405000 0.598985 0.014000 0.071066