7 0.502000 0.498667 0.980000 0.986667
119 0.114000 0.944000 0.100000 0.101333
40 0.116000 0.848000 0.144000 0.144000
40 0.213000 0.518667 0.238000 0.936000
40 0.542000 0.317333 0.560000 0.453333
24 0.636000 0.862667 0.052000 0.066667
49 0.575000 0.506667 0.850000 0.986667
46 0.298000 0.214667 0.016000 0.008000
46 0.901000 0.956000 0.010000 0.013333
46 0.900000 0.746667 0.024000 0.021333
46 0.810000 0.368000 0.024000 0.026667
46 0.750000 0.686667 0.016000 0.018667
46 0.955000 0.489333 0.014000 0.029333
46 0.371000 0.374667 0.014000 0.018667
46 0.681000 0.829333 0.022000 0.026667
46 0.443000 0.761333 0.018000 0.024000