115 0.852000 0.458466 0.248000 0.437700
101 0.939000 0.044728 0.066000 0.076677
25 0.468000 0.231629 0.028000 0.022364
25 0.519000 0.222045 0.022000 0.022364
36 0.486000 0.269968 0.112000 0.201278
16 0.474000 0.201278 0.164000 0.255591
15 0.063000 0.485623 0.050000 0.102236
32 0.068000 0.463259 0.048000 0.140575
10 0.468000 0.220447 0.152000 0.300319
1 0.919000 0.161342 0.158000 0.322684
70 0.496000 0.311502 0.040000 0.022364
30 0.498000 0.257188 0.032000 0.060703
6 0.398000 0.658147 0.180000 0.683706
4 0.539000 0.645367 0.394000 0.651757
141 0.098000 0.277955 0.060000 0.204473