56 0.500000 0.952703 1.000000 0.083784
11 0.500000 0.954054 1.000000 0.086486
113 0.415000 0.813514 0.210000 0.216216
113 0.106000 0.614865 0.128000 0.159459
113 0.829000 0.662162 0.246000 0.302703
113 0.535000 0.456757 0.202000 0.237838
113 0.217000 0.878378 0.058000 0.124324
113 0.577000 0.122973 0.046000 0.051351
113 0.725000 0.098649 0.050000 0.056757
6 0.076000 0.913514 0.024000 0.075676
6 0.368000 0.921622 0.020000 0.070270
6 0.773000 0.928378 0.030000 0.100000
8 0.500000 0.410811 1.000000 0.821622
2 0.650000 0.793243 0.140000 0.208108
2 0.188000 0.814865 0.144000 0.148649
2 0.864000 0.783784 0.184000 0.183784
2 0.480000 0.785135 0.168000 0.202703
2 0.023000 0.828378 0.046000 0.132432
135 0.472000 0.404054 0.076000 0.067568
135 0.534000 0.386486 0.072000 0.070270