129 0.104000 0.678667 0.164000 0.130667
129 0.032000 0.554667 0.064000 0.053333
19 0.468000 0.197333 0.088000 0.085333
36 0.321000 0.190667 0.138000 0.237333
7 0.135000 0.686667 0.266000 0.616000
7 0.874000 0.314667 0.244000 0.090667
10 0.378000 0.194667 0.272000 0.240000
70 0.283000 0.201333 0.074000 0.168000
90 0.826000 0.132000 0.116000 0.125333
90 0.829000 0.256000 0.078000 0.144000
90 0.836000 0.040000 0.120000 0.080000
18 0.185000 0.329333 0.190000 0.194667
41 0.753000 0.692000 0.466000 0.258667