115 0.472000 0.382883 0.180000 0.093093
115 0.582000 0.644144 0.344000 0.297297
86 0.730000 0.366366 0.092000 0.126126
86 0.858000 0.648649 0.124000 0.150150
86 0.612000 0.366366 0.148000 0.126126
83 0.439000 0.171171 0.258000 0.216216
144 0.360000 0.049550 0.064000 0.099099
144 0.489000 0.042042 0.058000 0.084084
144 0.424000 0.046547 0.060000 0.093093
89 0.629000 0.609610 0.742000 0.780781
89 0.438000 0.174174 0.260000 0.210210
80 0.509000 0.307808 0.254000 0.159159
80 0.580000 0.570571 0.068000 0.114114
15 0.537000 0.525526 0.150000 0.168168
15 0.328000 0.584084 0.196000 0.189189
6 0.306000 0.498498 0.612000 0.996997