73 0.661000 0.456000 0.662000 0.890667
91 0.370000 0.490667 0.188000 0.944000
91 0.224000 0.586667 0.180000 0.741333
11 0.523000 0.945333 0.946000 0.098667
7 0.606000 0.944000 0.200000 0.085333
7 0.045000 0.933333 0.058000 0.106667
16 0.432000 0.324000 0.068000 0.109333
15 0.751000 0.853333 0.026000 0.048000
45 0.223000 0.474667 0.106000 0.074667
10 0.208000 0.485333 0.076000 0.090667
112 0.167000 0.914667 0.066000 0.080000
2 0.947000 0.156000 0.106000 0.301333
17 0.605000 0.084000 0.270000 0.168000
17 0.083000 0.229333 0.158000 0.458667