77 0.165000 0.645333 0.330000 0.304000
77 0.797000 0.616000 0.406000 0.442667
77 0.528000 0.528000 0.668000 0.341333
5 0.497000 0.322667 0.342000 0.352000
5 0.113000 0.240000 0.226000 0.480000
5 0.805000 0.232000 0.270000 0.464000
37 0.963000 0.212000 0.070000 0.424000
31 0.803000 0.716000 0.390000 0.125333
31 0.839000 0.616000 0.318000 0.117333
31 0.905000 0.509333 0.182000 0.138667
7 0.880000 0.394667 0.064000 0.069333
51 0.353000 0.468000 0.246000 0.077333
51 0.552000 0.492000 0.224000 0.077333
8 0.601000 0.241333 0.798000 0.482667
28 0.500000 0.860000 1.000000 0.274667
43 0.230000 0.605333 0.144000 0.064000