33 0.917000 0.727143 0.150000 0.265714
33 0.052000 0.747143 0.104000 0.402857
31 0.499000 0.837143 0.990000 0.320000
96 0.539000 0.300000 0.030000 0.011429
96 0.353000 0.391429 0.038000 0.017143
16 0.467000 0.352857 0.078000 0.094286
42 0.593000 0.522857 0.166000 0.280000
103 0.598000 0.758571 0.108000 0.334286
1 0.416000 0.590000 0.084000 0.608571
1 0.551000 0.581429 0.102000 0.654286
1 0.148000 0.624286 0.140000 0.711429
1 0.908000 0.595714 0.152000 0.734286
1 0.768000 0.604286 0.160000 0.688571
1 0.591000 0.624286 0.162000 0.671429
29 0.900000 0.728571 0.104000 0.371429
29 0.145000 0.792857 0.106000 0.288571
27 0.254000 0.638571 0.112000 0.665714
4 0.356000 0.538571 0.108000 0.197143
4 0.909000 0.455714 0.154000 0.248571
4 0.768000 0.431429 0.156000 0.177143
4 0.533000 0.384286 0.082000 0.082857
112 0.368000 0.921429 0.052000 0.048571
9 0.396000 0.167143 0.132000 0.191429
23 0.362000 0.645714 0.124000 0.600000
23 0.473000 0.620000 0.114000 0.628571
23 0.255000 0.641429 0.114000 0.665714