26 0.496000 0.104222 0.992000 0.171504
80 0.293000 0.296834 0.586000 0.593668
11 0.799000 0.077836 0.166000 0.092348
7 0.499000 0.497361 0.998000 0.994723
14 0.311000 0.645119 0.054000 0.255937
14 0.561000 0.670185 0.066000 0.263852
14 0.932000 0.532982 0.100000 0.189974
14 0.869000 0.555409 0.050000 0.224274
14 0.707000 0.547493 0.054000 0.213720
14 0.450000 0.674142 0.092000 0.224274
30 0.206000 0.246702 0.024000 0.044855
30 0.581000 0.344327 0.026000 0.039578
71 0.499000 0.500000 0.998000 1.000000
41 0.962000 0.358839 0.020000 0.073879