53 0.267267 0.249000 0.534535 0.498000
68 0.635135 0.501000 0.147147 0.262000
105 0.129129 0.522000 0.246246 0.160000
20 0.423423 0.592000 0.378378 0.200000
7 0.723724 0.212000 0.186186 0.072000
92 0.624625 0.220000 0.156156 0.080000
12 0.276276 0.293000 0.072072 0.070000
1 0.669670 0.549000 0.486486 0.770000
1 0.156156 0.588000 0.192192 0.272000
13 0.139640 0.247000 0.279279 0.022000
24 0.384384 0.920000 0.498498 0.124000
48 0.578078 0.896000 0.093093 0.080000
112 0.124625 0.711000 0.063063 0.022000
112 0.558559 0.872000 0.198198 0.048000
60 0.481982 0.795000 0.957958 0.402000