115 0.465000 0.795987 0.754000 0.314381
144 0.320000 0.394649 0.204000 0.301003
89 0.461000 0.724080 0.854000 0.451505
116 0.532000 0.725753 0.192000 0.334448
7 0.912000 0.832776 0.060000 0.073579
32 0.385000 0.377926 0.074000 0.267559
119 0.511000 0.801003 0.074000 0.083612
50 0.150000 0.163880 0.092000 0.193980
50 0.089000 0.361204 0.074000 0.193980
50 0.159000 0.312709 0.090000 0.183946
3 0.130000 0.341137 0.212000 0.535117
0 0.896000 0.170569 0.028000 0.187291
0 0.925000 0.173913 0.030000 0.187291