38 0.668000 0.242667 0.152000 0.250667
88 0.460000 0.893333 0.352000 0.213333
122 0.263000 0.161333 0.198000 0.322667
15 0.717000 0.852000 0.090000 0.157333
15 0.609000 0.589333 0.034000 0.085333
10 0.828000 0.144000 0.192000 0.240000
103 0.782000 0.845333 0.232000 0.309333
103 0.665000 0.753333 0.134000 0.456000
1 0.265000 0.174667 0.090000 0.184000
93 0.455000 0.889333 0.322000 0.189333
4 0.692000 0.398667 0.184000 0.306667
4 0.754000 0.470667 0.324000 0.669333
18 0.089000 0.862667 0.178000 0.274667
18 0.298000 0.734667 0.180000 0.237333
3 0.187000 0.398667 0.374000 0.797333
23 0.755000 0.498667 0.322000 0.997333
23 0.679000 0.546667 0.218000 0.869333