123 0.302667 0.767000 0.605333 0.398000
136 0.856000 0.025000 0.277333 0.050000
31 0.660000 0.910000 0.669333 0.176000
12 0.273333 0.104000 0.333333 0.176000
6 0.236000 0.655000 0.370667 0.654000
6 0.462667 0.631000 0.216000 0.534000
6 0.753333 0.596000 0.392000 0.488000
90 0.940000 0.644000 0.120000 0.196000
48 0.962667 0.717000 0.032000 0.026000
48 0.930667 0.712000 0.037333 0.024000
48 0.905333 0.709000 0.040000 0.022000
18 0.109333 0.861000 0.218667 0.278000
41 0.537333 0.894000 0.056000 0.052000
3 0.288000 0.204000 0.576000 0.376000