130 0.316524 0.430000 0.633047 0.852000
74 0.459227 0.496000 0.909871 0.988000
106 0.787554 0.699000 0.330472 0.318000
19 0.337983 0.203000 0.276824 0.214000
25 0.829399 0.711000 0.036481 0.070000
36 0.463519 0.623000 0.364807 0.630000
26 0.944206 0.499000 0.103004 0.998000
56 0.490343 0.497000 0.967811 0.994000
11 0.873391 0.047000 0.115880 0.086000
7 0.471030 0.494000 0.942060 0.988000
10 0.787554 0.696000 0.339056 0.328000
10 0.369099 0.495000 0.527897 0.910000
114 0.318670 0.474000 0.637339 0.948000
70 0.454936 0.899000 0.047210 0.066000
30 0.651288 0.710000 0.057940 0.080000
30 0.567597 0.905000 0.079399 0.082000
46 0.502146 0.405000 0.077253 0.118000