128 0.472000 0.624046 0.044000 0.148855
115 0.489000 0.610687 0.190000 0.061069
10 0.486000 0.528626 0.028000 0.049618
1 0.470000 0.673664 0.080000 0.339695
30 0.574000 0.620229 0.024000 0.026718
63 0.064000 0.530534 0.020000 0.038168
148 0.303000 0.812977 0.174000 0.244275
148 0.471000 0.961832 0.066000 0.015267
148 0.120000 0.938931 0.192000 0.106870
148 0.338000 0.085878 0.092000 0.125954
148 0.260000 0.484733 0.240000 0.068702
148 0.142000 0.253817 0.172000 0.125954
24 0.567000 0.872137 0.254000 0.179389
41 0.408000 0.595420 0.028000 0.045802
28 0.514000 0.494275 0.960000 0.980916