53 0.474000 0.791291 0.088000 0.099099
77 0.221000 0.448949 0.126000 0.777778
21 0.032000 0.752252 0.004000 0.021021
119 0.843000 0.681682 0.206000 0.024024
40 0.788000 0.812312 0.116000 0.147147
40 0.175000 0.807808 0.066000 0.108108
27 0.869000 0.795796 0.006000 0.018018
27 0.966000 0.801802 0.012000 0.030030
27 0.958000 0.804805 0.008000 0.018018
98 0.624000 0.902402 0.236000 0.099099
98 0.270000 0.911411 0.168000 0.129129
8 0.500000 0.352853 0.996000 0.705706
0 0.109000 0.720721 0.042000 0.030030
0 0.113000 0.768769 0.054000 0.024024
0 0.035000 0.702703 0.070000 0.030030