19 0.847000 0.313000 0.058000 0.130000
25 0.457000 0.378000 0.042000 0.028000
25 0.341000 0.398000 0.062000 0.032000
36 0.372000 0.400000 0.268000 0.328000
44 0.271000 0.909000 0.078000 0.082000
16 0.682000 0.276000 0.408000 0.552000
15 0.070000 0.826000 0.140000 0.132000
29 0.730000 0.943000 0.308000 0.114000
71 0.378000 0.852000 0.248000 0.268000
50 0.104000 0.449000 0.076000 0.222000
50 0.030000 0.231000 0.060000 0.234000
50 0.034000 0.460000 0.068000 0.232000
50 0.156000 0.241000 0.044000 0.190000
50 0.096000 0.235000 0.088000 0.214000
3 0.148000 0.286000 0.272000 0.568000