136 0.645000 0.159159 0.706000 0.318318
33 0.218000 0.765766 0.116000 0.240240
96 0.486000 0.584084 0.024000 0.009009
16 0.511000 0.785285 0.114000 0.267267
16 0.714000 0.731231 0.096000 0.177177
16 0.237000 0.551051 0.030000 0.057057
45 0.593000 0.588589 0.058000 0.066066
10 0.365000 0.566066 0.046000 0.069069
10 0.435000 0.584084 0.070000 0.099099
10 0.230000 0.558559 0.044000 0.072072
10 0.762000 0.448949 0.036000 0.063063
10 0.497000 0.737237 0.118000 0.171171
10 0.690000 0.710210 0.084000 0.129129
10 0.900000 0.453453 0.060000 0.084084
10 0.793000 0.474474 0.038000 0.072072
42 0.244000 0.755255 0.088000 0.213213
42 0.613000 0.723724 0.110000 0.210210
12 0.593000 0.273273 0.010000 0.012012
12 0.440000 0.049550 0.016000 0.009009
12 0.568000 0.295796 0.012000 0.009009
12 0.419000 0.196697 0.014000 0.009009
12 0.413000 0.238739 0.010000 0.009009
12 0.719000 0.147147 0.014000 0.012012
12 0.624000 0.244745 0.012000 0.009009
12 0.807000 0.063063 0.022000 0.018018
12 0.663000 0.207207 0.010000 0.012012
12 0.427000 0.139640 0.014000 0.015015
1 0.707000 0.527027 0.110000 0.183183
1 0.367000 0.660661 0.114000 0.258258
1 0.693000 0.471471 0.042000 0.102102
1 0.214000 0.692192 0.108000 0.333333
1 0.489000 0.605105 0.050000 0.111111
1 0.349000 0.729730 0.258000 0.390390
1 0.824000 0.489489 0.044000 0.108108
27 0.395000 0.396396 0.066000 0.144144
27 0.544000 0.705706 0.912000 0.588589
6 0.612000 0.692192 0.112000 0.273273
6 0.052000 0.557057 0.104000 0.885886
4 0.712000 0.872372 0.120000 0.249249
9 0.627000 0.399399 0.018000 0.036036
9 0.910000 0.300300 0.096000 0.096096
9 0.584000 0.423423 0.028000 0.036036
18 0.502000 0.740240 0.996000 0.483483
3 0.776000 0.285285 0.444000 0.378378
3 0.796000 0.776276 0.404000 0.441441
23 0.790000 0.534535 0.072000 0.192192
23 0.477000 0.824324 0.182000 0.345345
23 0.706000 0.821321 0.128000 0.357357
23 0.891000 0.561562 0.118000 0.300300