86 0.168000 0.736000 0.236000 0.245333
86 0.855000 0.734667 0.242000 0.274667
144 0.412000 0.076000 0.108000 0.152000
144 0.600000 0.078667 0.112000 0.157333
75 0.251000 0.500000 0.498000 1.000000
109 0.171000 0.732000 0.242000 0.248000
109 0.852000 0.741333 0.244000 0.256000
90 0.558000 0.497333 0.076000 0.301333
90 0.753000 0.134667 0.490000 0.082667
90 0.249000 0.141333 0.498000 0.085333
90 0.442000 0.482667 0.072000 0.320000
145 0.426000 0.506667 0.120000 0.234667
145 0.571000 0.510667 0.110000 0.226667
3 0.500000 0.050667 1.000000 0.101333
28 0.851000 0.748000 0.146000 0.136000