5 0.709333 0.258000 0.581333 0.516000
105 0.904000 0.549000 0.186667 0.170000
36 0.682667 0.589000 0.058667 0.074000
16 0.685333 0.579000 0.186667 0.090000
45 0.446667 0.561000 0.034667 0.026000
42 0.369333 0.627000 0.045333 0.046000
42 0.518667 0.611000 0.082667 0.074000
85 0.254667 0.161000 0.509333 0.322000
27 0.418667 0.749000 0.837333 0.498000
49 0.444000 0.806000 0.888000 0.372000
9 0.505333 0.391000 0.061333 0.214000
9 0.352000 0.412000 0.101333 0.164000
60 0.864000 0.725000 0.277333 0.366000