54 0.332000 0.674174 0.056000 0.375375
54 0.081000 0.585586 0.086000 0.492492
54 0.400000 0.636637 0.084000 0.546547
54 0.741000 0.558559 0.086000 0.384384
54 0.644000 0.600601 0.104000 0.438438
54 0.498000 0.665165 0.100000 0.561562
101 0.757000 0.382883 0.038000 0.033033
36 0.744000 0.156156 0.184000 0.312312
79 0.695000 0.493994 0.070000 0.159159
57 0.294000 0.806306 0.080000 0.309309
57 0.304000 0.735736 0.112000 0.252252
16 0.186000 0.324324 0.188000 0.348348
15 0.570000 0.797297 0.152000 0.267267
111 0.265000 0.971471 0.462000 0.057057
18 0.330000 0.878378 0.660000 0.243243
149 0.690000 0.647147 0.028000 0.129129
3 0.319000 0.271772 0.638000 0.537538
23 0.639000 0.402402 0.234000 0.444444
23 0.175000 0.478979 0.350000 0.651652
23 0.751000 0.500000 0.498000 1.000000