86 0.230422 0.702000 0.243976 0.124000
123 0.915663 0.465000 0.144578 0.202000
123 0.087349 0.808000 0.060241 0.380000
21 0.850904 0.442000 0.292169 0.864000
31 0.515060 0.837000 0.855422 0.318000
64 0.650602 0.706000 0.078313 0.084000
64 0.582831 0.694000 0.039157 0.020000
64 0.311747 0.724000 0.039157 0.032000
64 0.346386 0.718000 0.066265 0.084000
7 0.703313 0.228000 0.093373 0.108000
82 0.659639 0.722000 0.060241 0.060000
124 0.118976 0.531000 0.231928 0.142000
124 0.251506 0.530000 0.021084 0.136000
50 0.317771 0.799000 0.099398 0.062000
145 0.902108 0.264000 0.183735 0.184000
3 0.430723 0.301000 0.560241 0.314000
0 0.268072 0.312000 0.216867 0.280000