5 0.500000 0.417417 1.000000 0.834835
73 0.679000 0.318318 0.090000 0.240240
126 0.104000 0.351351 0.208000 0.336336
21 0.660000 0.270270 0.140000 0.276276
96 0.523000 0.306306 0.050000 0.048048
96 0.254000 0.301802 0.020000 0.027027
103 0.527000 0.687688 0.130000 0.348348
1 0.251000 0.525526 0.134000 0.552553
1 0.692000 0.399399 0.076000 0.162162
1 0.413000 0.540541 0.114000 0.594595
1 0.543000 0.573574 0.174000 0.642643
62 0.895000 0.217718 0.030000 0.417417
109 0.182000 0.478979 0.060000 0.033033
4 0.415000 0.415916 0.114000 0.207207
4 0.251000 0.411411 0.134000 0.174174
49 0.500000 0.906907 1.000000 0.180180
2 0.849000 0.315315 0.294000 0.372372
3 0.846000 0.690691 0.292000 0.270270
3 0.028000 0.620120 0.052000 0.219219
35 0.359000 0.750751 0.110000 0.240240
35 0.672000 0.804805 0.012000 0.024024
0 0.076000 0.156156 0.092000 0.192192