19 0.657000 0.515060 0.042000 0.174699
19 0.417000 0.436747 0.038000 0.144578
19 0.937000 0.275602 0.082000 0.129518
110 0.532000 0.602410 0.312000 0.638554
110 0.898000 0.240964 0.200000 0.240964
25 0.447000 0.481928 0.026000 0.084337
147 0.603000 0.548193 0.034000 0.072289
11 0.583000 0.207831 0.374000 0.120482
11 0.499000 0.500000 0.998000 1.000000
7 0.499000 0.730422 0.998000 0.533133
10 0.874000 0.243976 0.252000 0.192771
63 0.636000 0.740964 0.728000 0.518072
84 0.219000 0.090361 0.438000 0.180723
3 0.499000 0.733434 0.998000 0.527108
28 0.678000 0.805723 0.644000 0.382530
28 0.499000 0.498494 0.998000 0.996988