115 0.501000 0.260870 0.166000 0.362319
5 0.500000 0.690217 1.000000 0.619565
19 0.209000 0.152174 0.026000 0.036232
19 0.850000 0.150362 0.036000 0.047101
19 0.162000 0.164855 0.032000 0.054348
25 0.205000 0.221014 0.010000 0.014493
25 0.178000 0.226449 0.016000 0.018116
36 0.844000 0.182971 0.052000 0.155797
122 0.502000 0.338768 1.004000 0.677536
122 0.705000 0.239130 0.594000 0.398551
10 0.180000 0.201087 0.088000 0.155797
10 0.822000 0.179348 0.096000 0.155797
24 0.281000 0.907609 0.054000 0.163043
141 0.185000 0.179348 0.042000 0.076087
3 0.482000 0.423913 0.220000 0.166667
0 0.706000 0.222826 0.592000 0.445652
0 0.136000 0.237319 0.272000 0.474638
0 0.499000 0.342391 0.998000 0.684783