68 0.983483 0.356000 0.033033 0.028000
130 0.448949 0.525000 0.405405 0.250000
130 0.657658 0.310000 0.036036 0.056000
96 0.414414 0.417000 0.090090 0.030000
7 0.870871 0.914000 0.192192 0.128000
103 0.506006 0.674000 0.261261 0.216000
12 0.237237 0.258000 0.012012 0.008000
1 0.444444 0.587000 0.420420 0.494000
70 0.423423 0.438000 0.030030 0.012000
4 0.457958 0.506000 0.117117 0.196000
48 0.609610 0.811000 0.066066 0.042000
48 0.391892 0.793000 0.069069 0.054000
35 0.439940 0.846000 0.027027 0.020000