19 0.340643 0.236000 0.084795 0.096000
19 0.483918 0.230000 0.073099 0.084000
25 0.343567 0.342000 0.032164 0.028000
25 0.485380 0.339000 0.029240 0.018000
36 0.422515 0.384000 0.178363 0.256000
11 0.500000 0.709000 1.000000 0.574000
10 0.409357 0.351000 0.233918 0.330000
14 0.555556 0.848000 0.087719 0.300000
14 0.638889 0.838000 0.078947 0.316000
14 0.501462 0.787000 0.073099 0.126000
14 0.421053 0.841000 0.105263 0.310000
30 0.418129 0.468000 0.099415 0.076000
59 0.403509 0.631000 0.134503 0.134000
59 0.554094 0.533000 0.067251 0.182000
59 0.559942 0.785000 0.067251 0.022000
59 0.576023 0.720000 0.081871 0.040000
59 0.441520 0.533000 0.157895 0.050000
41 0.843567 0.408000 0.248538 0.196000
2 0.500000 0.217000 1.000000 0.434000
137 0.611111 0.594000 0.678363 0.812000