128 0.787000 0.889791 0.226000 0.220418
68 0.584000 0.178654 0.056000 0.102088
20 0.952000 0.097448 0.092000 0.162413
11 0.499000 0.136891 0.998000 0.264501
16 0.387000 0.067285 0.034000 0.041763
92 0.558000 0.087007 0.056000 0.053364
92 0.963000 0.865429 0.070000 0.269142
92 0.808000 0.067285 0.048000 0.051044
92 0.127000 0.477958 0.098000 0.111369
40 0.753000 0.776102 0.374000 0.174014
1 0.390000 0.208817 0.092000 0.324826
1 0.731000 0.194896 0.090000 0.315545
1 0.546000 0.236659 0.160000 0.352668
6 0.816000 0.197216 0.088000 0.315545
55 0.500000 0.621810 1.000000 0.756381
4 0.572000 0.158933 0.108000 0.109049
23 0.762000 0.062645 0.068000 0.125290