5 0.938000 0.658363 0.128000 0.177936
58 0.500000 0.448399 1.000000 0.896797
26 0.926000 0.827402 0.152000 0.110320
11 0.785000 0.822064 0.234000 0.149466
15 0.255000 0.427046 0.026000 0.035587
45 0.332000 0.286477 0.048000 0.053381
14 0.370000 0.517794 0.068000 0.138790
6 0.335000 0.887900 0.034000 0.096085
6 0.313000 0.439502 0.250000 0.366548
6 0.188000 0.914591 0.024000 0.064057
48 0.419000 0.574733 0.042000 0.096085
9 0.940000 0.861210 0.016000 0.014235
8 0.500000 0.450178 1.000000 0.900356
28 0.153000 0.946619 0.306000 0.113879
28 0.632000 0.960854 0.736000 0.085409
35 0.171000 0.343416 0.018000 0.024911