54 0.646000 0.214072 0.032000 0.134731
87 0.145000 0.505988 0.030000 0.041916
136 0.568000 0.184132 0.856000 0.368263
25 0.467000 0.396707 0.050000 0.062874
122 0.527000 0.344311 0.070000 0.035928
12 0.207000 0.244012 0.098000 0.134731
12 0.219000 0.248503 0.134000 0.185629
1 0.561000 0.583832 0.734000 0.814371
71 0.980000 0.666168 0.036000 0.164671
71 0.961000 0.354790 0.078000 0.170659
90 0.393000 0.528443 0.130000 0.212575
4 0.567000 0.841317 0.726000 0.305389
3 0.599000 0.523952 0.790000 0.952096
3 0.073000 0.497006 0.146000 0.994012
3 0.589000 0.505988 0.814000 0.934132