77 0.604000 0.822823 0.376000 0.126126
5 0.716000 0.477477 0.204000 0.210210
5 0.892000 0.710210 0.216000 0.303303
5 0.491000 0.409910 0.126000 0.093093
97 0.202000 0.471471 0.020000 0.036036
99 0.433000 0.839339 0.022000 0.039039
99 0.379000 0.477477 0.022000 0.030030
127 0.750000 0.692192 0.020000 0.033033
24 0.255000 0.755255 0.310000 0.189189
8 0.501000 0.300300 0.994000 0.582583
81 0.493000 0.417417 0.122000 0.090090
17 0.902000 0.816817 0.028000 0.090090
0 0.352000 0.536036 0.016000 0.039039
43 0.383000 0.536036 0.014000 0.039039