26 0.791000 0.518018 0.150000 0.087087
96 0.599000 0.489489 0.014000 0.012012
32 0.277000 0.228228 0.018000 0.234234
29 0.211000 0.722222 0.090000 0.297297
27 0.623000 0.600601 0.126000 0.294294
4 0.233000 0.490991 0.118000 0.231231
49 0.500000 0.860360 0.996000 0.255255
18 0.755000 0.651652 0.206000 0.174174
2 0.834000 0.500000 0.276000 1.000000
52 0.273000 0.138138 0.334000 0.198198
23 0.443000 0.624625 0.134000 0.522523
23 0.226000 0.594595 0.140000 0.618619
23 0.313000 0.590090 0.130000 0.615616