88 0.518667 0.635000 0.957333 0.162000
5 0.318667 0.364000 0.637333 0.168000
25 0.465333 0.846000 0.013333 0.008000
36 0.478667 0.846000 0.082667 0.052000
26 0.500000 0.379000 1.000000 0.658000
11 0.500000 0.843000 1.000000 0.310000
10 0.480000 0.836000 0.096000 0.072000
39 0.670667 0.798000 0.050667 0.032000
30 0.485333 0.864000 0.016000 0.012000
24 0.500000 0.849000 0.994667 0.298000
9 0.484000 0.221000 0.136000 0.154000
8 0.500000 0.172000 0.994667 0.344000
46 0.432000 0.784000 0.064000 0.024000
41 0.366667 0.696000 0.056000 0.092000