19 0.639000 0.542667 0.046000 0.104000
110 0.489000 0.644000 0.350000 0.360000
91 0.136000 0.616000 0.060000 0.170667
7 0.643000 0.890667 0.154000 0.138667
29 0.083000 0.666667 0.054000 0.085333
29 0.045000 0.669333 0.034000 0.090667
27 0.087000 0.625333 0.062000 0.168000
27 0.394000 0.368000 0.032000 0.080000
27 0.534000 0.412000 0.116000 0.173333
27 0.049000 0.622667 0.046000 0.194667
27 0.527000 0.378667 0.086000 0.090667
6 0.252000 0.601333 0.028000 0.125333
6 0.080000 0.606667 0.032000 0.162667
6 0.604000 0.477333 0.068000 0.224000
6 0.082000 0.516000 0.024000 0.061333
62 0.349000 0.750667 0.066000 0.130667
4 0.250000 0.577333 0.020000 0.045333
4 0.061000 0.912000 0.122000 0.176000
41 0.338000 0.702667 0.044000 0.221333
81 0.494000 0.473333 0.160000 0.024000
2 0.749000 0.321333 0.334000 0.642667
17 0.043000 0.349333 0.086000 0.288000
84 0.492000 0.192000 0.084000 0.384000