73 0.137000 0.088968 0.274000 0.177936
73 0.341000 0.078292 0.154000 0.156584
73 0.476000 0.088968 0.132000 0.177936
126 0.606000 0.069395 0.156000 0.138790
134 0.930000 0.064057 0.128000 0.128114
134 0.839000 0.483986 0.226000 0.626335
134 0.962000 0.090747 0.076000 0.131673
134 0.774000 0.099644 0.060000 0.092527
134 0.052000 0.444840 0.104000 0.249110
134 0.727000 0.129893 0.098000 0.117438
19 0.627000 0.274021 0.054000 0.092527
56 0.500000 0.500000 1.000000 1.000000
11 0.500000 0.500000 1.000000 1.000000
78 0.625000 0.407473 0.098000 0.274021
78 0.946000 0.106762 0.020000 0.056940
78 0.700000 0.128114 0.020000 0.035587
41 0.807000 0.277580 0.154000 0.213523
41 0.031000 0.389680 0.062000 0.081851