83 0.186667 0.634000 0.181333 0.292000
83 0.934667 0.376000 0.130667 0.188000
83 0.800000 0.620000 0.192000 0.304000
83 0.413333 0.811000 0.245333 0.086000
20 0.185333 0.326000 0.040000 0.028000
7 0.500000 0.890000 1.000000 0.220000
16 0.488000 0.294000 0.021333 0.012000
6 0.481333 0.305000 0.034667 0.034000
34 0.761333 0.747000 0.477333 0.134000
131 0.374667 0.889000 0.749333 0.222000
60 0.166667 0.407000 0.333333 0.170000
18 0.873333 0.721000 0.253333 0.066000
2 0.652000 0.152000 0.696000 0.304000