121 0.118667 0.310000 0.018667 0.016000
5 0.500000 0.454000 1.000000 0.652000
20 0.641333 0.680000 0.397333 0.208000
11 0.912000 0.756000 0.144000 0.040000
16 0.370667 0.450000 0.037333 0.024000
114 0.388000 0.677000 0.173333 0.290000
1 0.413333 0.574000 0.186667 0.272000
6 0.058667 0.737000 0.032000 0.050000
55 0.496000 0.873000 0.992000 0.246000
63 0.766667 0.980000 0.050667 0.020000
63 0.838667 0.849000 0.034667 0.018000
63 0.944000 0.902000 0.042667 0.024000
63 0.050667 0.910000 0.042667 0.032000
63 0.766667 0.848000 0.050667 0.012000
4 0.384000 0.528000 0.096000 0.092000
8 0.498667 0.308000 0.992000 0.612000
81 0.613333 0.585000 0.245333 0.026000
3 0.925333 0.686000 0.144000 0.112000