83 0.531000 0.646209 0.074000 0.122744
83 0.701000 0.543321 0.042000 0.241877
5 0.852000 0.155235 0.064000 0.267148
20 0.807000 0.512635 0.110000 0.194946
12 0.364000 0.444043 0.588000 0.259928
12 0.766000 0.523466 0.024000 0.043321
12 0.910000 0.328520 0.012000 0.036101
85 0.853000 0.514440 0.026000 0.039711
34 0.809000 0.510830 0.034000 0.018051
13 0.680000 0.451264 0.032000 0.447653
62 0.912000 0.373646 0.028000 0.133574
55 0.874000 0.740072 0.252000 0.527076
49 0.666000 0.759928 0.560000 0.487365
9 0.680000 0.162455 0.072000 0.115523
59 0.544000 0.225632 0.480000 0.342960
2 0.925000 0.157040 0.122000 0.314079
3 0.429000 0.510830 0.838000 0.985560