88 0.738000 0.818182 0.508000 0.351097
99 0.840000 0.390282 0.020000 0.021944
7 0.499000 0.631661 0.986000 0.692790
22 0.190000 0.202194 0.020000 0.028213
22 0.613000 0.105016 0.130000 0.103448
22 0.650000 0.509404 0.028000 0.021944
22 0.157000 0.336991 0.062000 0.047022
22 0.440000 0.942006 0.020000 0.028213
22 0.949000 0.382445 0.082000 0.100313
2 0.546000 0.324451 0.008000 0.648903
17 0.145000 0.357367 0.078000 0.714734
17 0.435000 0.332288 0.078000 0.664577
17 0.503000 0.310345 0.070000 0.620690
17 0.638000 0.319749 0.016000 0.620690
84 0.823000 0.316614 0.106000 0.633229