38 0.469000 0.294667 0.158000 0.050667
38 0.550000 0.437333 0.028000 0.240000
38 0.665000 0.296000 0.174000 0.064000
38 0.576000 0.181333 0.040000 0.213333
5 0.363000 0.513333 0.114000 0.072000
5 0.337000 0.502667 0.226000 0.098667
26 0.405000 0.761333 0.806000 0.360000
11 0.730000 0.874667 0.528000 0.240000
11 0.698000 0.889333 0.280000 0.152000
11 0.501000 0.770667 0.998000 0.453333
7 0.499000 0.773333 0.998000 0.448000
107 0.916000 0.457333 0.164000 0.141333
107 0.337000 0.500000 0.226000 0.098667
107 0.162000 0.505333 0.088000 0.098667
51 0.363000 0.486667 0.114000 0.024000
51 0.916000 0.440000 0.164000 0.085333
51 0.335000 0.474667 0.222000 0.042667
9 0.484000 0.524000 0.084000 0.173333
8 0.500000 0.257333 1.000000 0.514667
2 0.100000 0.457333 0.084000 0.178667
0 0.940000 0.436000 0.088000 0.045333
0 0.970000 0.509333 0.032000 0.048000