5 0.826000 0.513333 0.340000 0.136000
20 0.969000 0.561333 0.058000 0.034667
37 0.500000 0.278667 1.000000 0.546667
26 0.500000 0.562667 1.000000 0.122667
11 0.520000 0.693333 0.960000 0.197333
107 0.813000 0.524000 0.314000 0.146667
22 0.895000 0.258667 0.194000 0.373333
98 0.123000 0.774667 0.086000 0.184000
8 0.499000 0.273333 0.998000 0.541333
2 0.199000 0.524000 0.030000 0.093333
2 0.894000 0.334667 0.192000 0.514667
17 0.632000 0.332000 0.732000 0.520000
28 0.501000 0.820000 0.998000 0.354667