53 0.499000 0.500000 0.998000 1.000000
19 0.667000 0.378378 0.098000 0.306306
19 0.236000 0.498498 0.104000 0.252252
19 0.864000 0.370871 0.164000 0.309309
19 0.410000 0.515015 0.128000 0.231231
110 0.260000 0.584084 0.436000 0.423423
110 0.747000 0.501502 0.394000 0.576577
56 0.502000 0.600601 0.996000 0.792793
11 0.501000 0.693694 0.998000 0.606607
7 0.499000 0.660661 0.998000 0.678679
146 0.499000 0.321321 0.998000 0.234234
14 0.127000 0.702703 0.058000 0.198198
41 0.070000 0.569069 0.052000 0.063063
2 0.450000 0.330330 0.180000 0.192192
17 0.056000 0.348348 0.112000 0.168168
84 0.756000 0.584084 0.088000 0.279279
84 0.299000 0.663664 0.090000 0.210210