123 0.706000 0.525333 0.232000 0.570667
136 0.500000 0.092000 1.000000 0.184000
21 0.098000 0.414667 0.176000 0.429333
31 0.639000 0.813333 0.722000 0.373333
91 0.675000 0.869333 0.166000 0.186667
102 0.064000 0.460000 0.112000 0.141333
102 0.097000 0.704000 0.190000 0.352000
1 0.701000 0.426667 0.010000 0.042667
18 0.173000 0.644000 0.078000 0.056000
18 0.265000 0.946667 0.194000 0.106667
3 0.297000 0.385333 0.586000 0.578667
3 0.788000 0.441333 0.424000 0.818667
0 0.382000 0.422667 0.328000 0.493333