95 0.924000 0.965000 0.152000 0.070000
95 0.064000 0.894000 0.128000 0.108000
95 0.202667 0.872000 0.208000 0.112000
95 0.260000 0.940000 0.200000 0.116000
95 0.350667 0.917000 0.194667 0.126000
95 0.840000 0.945000 0.133333 0.102000
95 0.913333 0.967000 0.168000 0.062000
95 0.258667 0.939000 0.208000 0.114000
95 0.049333 0.979000 0.098667 0.042000
95 0.590667 0.973000 0.093333 0.054000
95 0.165333 0.831000 0.208000 0.098000
31 0.498667 0.862000 0.997333 0.272000
32 0.410667 0.709000 0.074667 0.162000
75 0.568000 0.197000 0.170667 0.222000
124 0.442667 0.436000 0.362667 0.108000
3 0.744000 0.379000 0.490667 0.754000
3 0.550667 0.196000 0.120000 0.208000
3 0.236000 0.431000 0.461333 0.862000