26 0.500000 0.680597 1.000000 0.334328
26 0.922000 0.513433 0.156000 0.053731
56 0.501000 0.500000 0.994000 1.000000
11 0.499000 0.765672 0.998000 0.468657
7 0.493000 0.497015 0.986000 0.994030
10 0.645000 0.577612 0.050000 0.098507
146 0.499000 0.280597 0.998000 0.561194
22 0.906000 0.228358 0.188000 0.456716
14 0.453000 0.674627 0.034000 0.083582
14 0.592000 0.673134 0.048000 0.068657
40 0.498000 0.301493 0.996000 0.071642
13 0.785000 0.352239 0.030000 0.411940
55 0.334000 0.288060 0.668000 0.307463
2 0.908000 0.229851 0.184000 0.459701
137 0.089000 0.650746 0.178000 0.232836
137 0.216000 0.610448 0.092000 0.235821