115 0.597000 0.657813 0.394000 0.171875
40 0.509000 0.634375 0.186000 0.050000
1 0.922000 0.437500 0.032000 0.056250
27 0.844000 0.423438 0.196000 0.109375
6 0.772000 0.450000 0.028000 0.043750
6 0.837000 0.409375 0.058000 0.081250
6 0.924000 0.435937 0.036000 0.053125
148 0.502000 0.909375 0.996000 0.175000
4 0.630000 0.606250 0.120000 0.318750
8 0.498000 0.028125 0.996000 0.056250
3 0.418000 0.642188 0.260000 0.115625
28 0.501000 0.451562 0.994000 0.803125
23 0.922000 0.437500 0.032000 0.056250
23 0.624000 0.629687 0.140000 0.578125
23 0.834000 0.410938 0.068000 0.103125
23 0.839000 0.409375 0.062000 0.081250
23 0.774000 0.451562 0.028000 0.040625