115 0.527660 0.527000 0.723404 0.946000
19 0.510638 0.392000 0.106383 0.248000
25 0.391489 0.533000 0.059574 0.038000
25 0.237234 0.538000 0.070213 0.100000
25 0.541489 0.631000 0.053191 0.050000
25 0.668085 0.536000 0.063830 0.052000
25 0.785106 0.538000 0.072340 0.068000
36 0.674468 0.594000 0.136170 0.568000
22 0.673404 0.119000 0.040426 0.118000
111 0.070213 0.169000 0.136170 0.158000
59 0.387234 0.324000 0.072340 0.088000
59 0.376596 0.220000 0.072340 0.096000
59 0.372340 0.143000 0.059574 0.102000
59 0.369149 0.112000 0.057447 0.088000
59 0.403191 0.357000 0.048936 0.038000
3 0.500000 0.500000 1.000000 1.000000
104 0.074468 0.173000 0.072340 0.110000