5 0.500000 0.381333 1.000000 0.762667
20 0.113000 0.666667 0.070000 0.090667
20 0.160000 0.706667 0.056000 0.085333
92 0.200000 0.686667 0.028000 0.045333
12 0.503000 0.500000 0.026000 0.040000
1 0.203000 0.757333 0.074000 0.192000
1 0.912000 0.744000 0.052000 0.144000
75 0.772000 0.796000 0.048000 0.029333
55 0.173000 0.841333 0.346000 0.317333
51 0.646000 0.730667 0.524000 0.117333
9 0.906000 0.688000 0.092000 0.144000
9 0.779000 0.558667 0.442000 0.125333
60 0.175000 0.846667 0.350000 0.306667
76 0.283000 0.770667 0.046000 0.101333
125 0.454000 0.654667 0.472000 0.349333
0 0.915000 0.129333 0.022000 0.082667
0 0.591000 0.614667 0.166000 0.114667
0 0.468000 0.192000 0.020000 0.074667
0 0.800000 0.084000 0.040000 0.098667
0 0.728000 0.054667 0.040000 0.104000
0 0.624000 0.077333 0.044000 0.112000