129 0.020000 0.946667 0.040000 0.101333
5 0.443000 0.498667 0.882000 0.986667
5 0.536000 0.225333 0.904000 0.360000
5 0.501000 0.497333 0.994000 0.994667
5 0.122000 0.162667 0.232000 0.325333
144 0.308000 0.652000 0.520000 0.696000
21 0.812000 0.686667 0.144000 0.392000
21 0.584000 0.714667 0.080000 0.570667
31 0.786000 0.865333 0.364000 0.258667
32 0.863000 0.690667 0.014000 0.277333
32 0.623000 0.737333 0.014000 0.418667
32 0.328000 0.706667 0.036000 0.048000
119 0.453000 0.153333 0.278000 0.168000
119 0.746000 0.230667 0.140000 0.146667
1 0.389000 0.757333 0.062000 0.474667
98 0.394000 0.748000 0.060000 0.472000
98 0.083000 0.902667 0.110000 0.104000
9 0.569000 0.232000 0.626000 0.394667
50 0.777000 0.913333 0.134000 0.130667
3 0.500000 0.264000 0.992000 0.517333
3 0.227000 0.193333 0.454000 0.386667
3 0.584000 0.344000 0.352000 0.202667