68 0.588000 0.454955 0.120000 0.183183
68 0.206000 0.648649 0.088000 0.156156
130 0.296000 0.552553 0.084000 0.336336
130 0.399000 0.534535 0.122000 0.366366
130 0.607000 0.536036 0.126000 0.363363
79 0.709000 0.539039 0.014000 0.015015
7 0.499000 0.923423 0.998000 0.135135
103 0.804000 0.705706 0.096000 0.222222
1 0.109000 0.584084 0.134000 0.693694
1 0.244000 0.542042 0.168000 0.645646
1 0.531000 0.557057 0.098000 0.555556
6 0.399000 0.557057 0.122000 0.555556
6 0.605000 0.578078 0.126000 0.525526
6 0.807000 0.567568 0.130000 0.528529
6 0.295000 0.572072 0.086000 0.543544
49 0.503000 0.812312 0.966000 0.207207
52 0.797000 0.294294 0.182000 0.102102
52 0.298000 0.318318 0.140000 0.102102
3 0.458000 0.231231 0.376000 0.444444