68 0.488000 0.502667 0.976000 0.989333
87 0.808000 0.689333 0.048000 0.050667
99 0.815000 0.501333 0.342000 0.997333
99 0.618000 0.686667 0.084000 0.114667
25 0.533000 0.506667 0.018000 0.042667
25 0.452000 0.461333 0.032000 0.032000
25 0.648000 0.337333 0.036000 0.040000
25 0.736000 0.301333 0.040000 0.042667
10 0.373000 0.253333 0.242000 0.240000
10 0.694000 0.344000 0.328000 0.378667
10 0.450000 0.516000 0.264000 0.306667
40 0.637000 0.662667 0.086000 0.120000
40 0.787000 0.590667 0.046000 0.146667
40 0.718000 0.601333 0.060000 0.088000
40 0.834000 0.605333 0.132000 0.069333
40 0.858000 0.560000 0.048000 0.160000
70 0.739000 0.445333 0.070000 0.058667
30 0.724000 0.377333 0.068000 0.066667
30 0.508000 0.525333 0.060000 0.074667
29 0.096000 0.452000 0.192000 0.365333
4 0.245000 0.450667 0.170000 0.394667
66 0.756000 0.845333 0.388000 0.304000
59 0.328000 0.828000 0.216000 0.141333