101 0.881857 0.488000 0.168776 0.096000
136 0.521097 0.090000 0.940928 0.176000
147 0.571730 0.113000 0.054852 0.026000
36 0.605485 0.137000 0.257384 0.170000
31 0.508439 0.864000 0.949367 0.268000
96 0.616034 0.120000 0.244726 0.072000
16 0.628692 0.046000 0.270042 0.044000
15 0.797468 0.481000 0.303797 0.110000
15 0.128692 0.694000 0.054852 0.040000
42 0.481013 0.522000 0.860759 0.584000
12 0.909283 0.016000 0.147679 0.032000
1 0.491561 0.511000 0.873418 0.974000
30 0.603376 0.144000 0.067511 0.032000
29 0.474684 0.824000 0.687764 0.344000
71 0.500000 0.500000 1.000000 1.000000
4 0.535865 0.299000 0.244726 0.178000
3 0.099156 0.427000 0.181435 0.846000