5 0.404000 0.594667 0.104000 0.085333
5 0.629000 0.520000 0.362000 0.202667
37 0.429000 0.146667 0.054000 0.053333
130 0.534000 0.829333 0.032000 0.080000
45 0.245000 0.820000 0.018000 0.024000
45 0.530000 0.776000 0.032000 0.026667
42 0.703000 0.832000 0.082000 0.144000
27 0.702000 0.861333 0.088000 0.272000
6 0.759000 0.738667 0.030000 0.096000
6 0.540000 0.856000 0.056000 0.192000
6 0.246000 0.881333 0.044000 0.152000
6 0.348000 0.905333 0.088000 0.184000
8 0.499000 0.136000 0.998000 0.272000
72 0.497000 0.810667 0.994000 0.373333
72 0.546000 0.972000 0.120000 0.050667
72 0.117000 0.957333 0.134000 0.074667
72 0.619000 0.858667 0.054000 0.096000
72 0.512000 0.353333 0.100000 0.066667
2 0.325000 0.552000 0.038000 0.090667
2 0.549000 0.442667 0.030000 0.106667
2 0.208000 0.605333 0.040000 0.160000
2 0.912000 0.522667 0.048000 0.133333
2 0.474000 0.486667 0.020000 0.141333
17 0.155000 0.512000 0.082000 0.378667
17 0.108000 0.528000 0.044000 0.400000
17 0.985000 0.542667 0.030000 0.178667
28 0.856000 0.456000 0.216000 0.058667