74 0.844000 0.343844 0.244000 0.117117
19 0.462000 0.391892 0.092000 0.135135
19 0.675000 0.498498 0.054000 0.120120
110 0.428000 0.564565 0.480000 0.516517
110 0.607000 0.660661 0.206000 0.474474
25 0.622000 0.543544 0.036000 0.054054
11 0.500000 0.045045 1.000000 0.084084
7 0.494000 0.500000 0.988000 1.000000
16 0.312000 0.336336 0.092000 0.096096
10 0.611000 0.561562 0.174000 0.234234
14 0.611000 0.779279 0.054000 0.195195
14 0.423000 0.660661 0.094000 0.300300
14 0.252000 0.689189 0.060000 0.249249
14 0.666000 0.755255 0.060000 0.261261
14 0.383000 0.705706 0.034000 0.198198
14 0.562000 0.779279 0.076000 0.219219
14 0.320000 0.695195 0.128000 0.243243
40 0.822000 0.665165 0.024000 0.129129
24 0.798000 0.869369 0.392000 0.021021
41 0.218000 0.575075 0.036000 0.279279
84 0.621000 0.441441 0.102000 0.156156
84 0.580000 0.621622 0.088000 0.150150
3 0.716000 0.647147 0.564000 0.441441
3 0.500000 0.217718 0.992000 0.435435