100 0.077000 0.858859 0.010000 0.024024
58 0.207000 0.109610 0.266000 0.099099
58 0.549000 0.183183 0.234000 0.120120
58 0.526000 0.045045 0.388000 0.090090
58 0.702000 0.126126 0.052000 0.048048
58 0.918000 0.187688 0.160000 0.153153
56 0.499000 0.498498 0.998000 0.522523
11 0.500000 0.453453 1.000000 0.096096
11 0.705000 0.319820 0.590000 0.105105
146 0.499000 0.307808 0.998000 0.135135
98 0.501000 0.855856 0.994000 0.282282
8 0.499000 0.142643 0.998000 0.285285
94 0.377000 0.321321 0.750000 0.090090
2 0.292000 0.680180 0.584000 0.633634
17 0.425000 0.509009 0.290000 0.381381
17 0.050000 0.424925 0.100000 0.417417
17 0.220000 0.439940 0.240000 0.429429
28 0.500000 0.851351 1.000000 0.297297
0 0.617000 0.330330 0.010000 0.012012
0 0.396000 0.321321 0.008000 0.012012
0 0.439000 0.322823 0.010000 0.015015