68 0.651000 0.632850 0.194000 0.082126
88 0.802000 0.733092 0.396000 0.538647
129 0.631000 0.515700 0.222000 0.084541
99 0.676000 0.839372 0.104000 0.031401
99 0.202000 0.463768 0.072000 0.188406
147 0.740000 0.363527 0.016000 0.016908
91 0.519000 0.584541 0.574000 0.516908
142 0.633000 0.560386 0.098000 0.062802
82 0.351000 0.822464 0.170000 0.330918
69 0.137000 0.780193 0.134000 0.386473
13 0.500000 0.687198 1.000000 0.128019
81 0.423000 0.200483 0.222000 0.120773
35 0.137000 0.553140 0.274000 0.454106