128 0.436000 0.208084 0.704000 0.356287
53 0.500000 0.501497 1.000000 1.002994
67 0.846000 0.832335 0.248000 0.347305
67 0.121000 0.787425 0.198000 0.431138
67 0.604000 0.377246 0.048000 0.179641
67 0.782000 0.354790 0.060000 0.146707
67 0.240000 0.363772 0.044000 0.152695
33 0.270000 0.880240 0.092000 0.245509
33 0.288000 0.709581 0.184000 0.407186
130 0.198000 0.260479 0.084000 0.131737
91 0.814000 0.672156 0.296000 0.667665
91 0.272000 0.591317 0.148000 0.428144
7 0.430000 0.717066 0.584000 0.565868
16 0.860000 0.523952 0.184000 0.377246
10 0.087000 0.673653 0.126000 0.197605
10 0.859000 0.474551 0.130000 0.278443
10 0.889000 0.782934 0.162000 0.266467
10 0.792000 0.309880 0.040000 0.062874
10 0.601000 0.320359 0.038000 0.065868
42 0.258000 0.887725 0.124000 0.224551
1 0.200000 0.258982 0.084000 0.218563
6 0.066000 0.476048 0.132000 0.461078
90 0.289000 0.203593 0.214000 0.287425
4 0.068000 0.474551 0.132000 0.452096
3 0.450000 0.167665 0.724000 0.305389
3 0.898000 0.278443 0.204000 0.556886
0 0.592000 0.205090 0.176000 0.236527
43 0.235000 0.161677 0.058000 0.113772