106 0.513000 0.412913 0.354000 0.465465
21 0.497000 0.500000 0.994000 0.987988
36 0.516000 0.325826 0.064000 0.171171
26 0.497000 0.498498 0.974000 0.966967
16 0.524000 0.297297 0.072000 0.126126
15 0.612000 0.929429 0.056000 0.105105
10 0.522000 0.334835 0.084000 0.207207
10 0.442000 0.250751 0.116000 0.159159
42 0.494000 0.662162 0.356000 0.519520
14 0.351000 0.525526 0.070000 0.204204
1 0.504000 0.617117 0.360000 0.753754
30 0.496000 0.193694 0.028000 0.039039
29 0.505000 0.899399 0.198000 0.189189
4 0.518000 0.848348 0.172000 0.135135
41 0.659000 0.531532 0.070000 0.210210