53 0.075000 0.141141 0.118000 0.270270
19 0.748000 0.070571 0.060000 0.093093
19 0.717000 0.115616 0.066000 0.141141
19 0.538000 0.100601 0.060000 0.141141
19 0.234000 0.046547 0.044000 0.093093
19 0.165000 0.052553 0.050000 0.105105
19 0.848000 0.072072 0.048000 0.108108
19 0.640000 0.085586 0.060000 0.141141
19 0.540000 0.099099 0.084000 0.168168
19 0.801000 0.112613 0.054000 0.147147
19 0.542000 0.099099 0.076000 0.132132
19 0.641000 0.085586 0.062000 0.159159
25 0.646000 0.240240 0.016000 0.030030
25 0.550000 0.250751 0.020000 0.027027
36 0.199000 0.204204 0.078000 0.294294
11 0.416000 0.938438 0.832000 0.093093
11 0.916000 0.839339 0.120000 0.165165
10 0.586000 0.252252 0.160000 0.438438
10 0.191000 0.165165 0.110000 0.330330
10 0.771000 0.229730 0.182000 0.375375
14 0.605000 0.888889 0.098000 0.210210
14 0.396000 0.936937 0.176000 0.108108
14 0.830000 0.894895 0.068000 0.192192
14 0.739000 0.882883 0.042000 0.222222
70 0.182000 0.271772 0.100000 0.135135
70 0.619000 0.463964 0.062000 0.081081
30 0.771000 0.403904 0.066000 0.123123
30 0.614000 0.412913 0.060000 0.123123
30 0.193000 0.277778 0.054000 0.099099
141 0.330000 0.560060 0.660000 0.861862
41 0.761000 0.648649 0.090000 0.348348
3 0.744000 0.339339 0.120000 0.096096
137 0.336000 0.486486 0.672000 0.936937
137 0.841000 0.633634 0.254000 0.660661
137 0.333000 0.477477 0.650000 0.900901
137 0.133000 0.198198 0.250000 0.336336
137 0.343000 0.480480 0.674000 0.780781
137 0.343000 0.503003 0.686000 0.987988
137 0.853000 0.659159 0.286000 0.669670
137 0.383000 0.330330 0.110000 0.108108
137 0.746000 0.337838 0.184000 0.567568
137 0.125000 0.225225 0.250000 0.450450
137 0.130000 0.205706 0.260000 0.411411