37 0.286000 0.156609 0.080000 0.043103
74 0.744000 0.712644 0.252000 0.224138
19 0.509000 0.485632 0.042000 0.074713
25 0.288000 0.501437 0.020000 0.025862
56 0.500000 0.606322 1.000000 0.787356
11 0.496000 0.607759 0.992000 0.767241
7 0.894000 0.420977 0.100000 0.123563
7 0.800000 0.395115 0.184000 0.204023
10 0.501000 0.576149 0.106000 0.250000
10 0.516000 0.423851 0.144000 0.209770
10 0.277000 0.512931 0.114000 0.272989
14 0.424000 0.807471 0.096000 0.373563
14 0.059000 0.839080 0.094000 0.258621
70 0.254000 0.607759 0.056000 0.083333
141 0.717000 0.724138 0.298000 0.229885
41 0.829000 0.850575 0.118000 0.298851
3 0.551000 0.373563 0.566000 0.241379
137 0.101000 0.267241 0.102000 0.091954
137 0.274000 0.642241 0.548000 0.652299
137 0.674000 0.712644 0.480000 0.574713
137 0.318000 0.298851 0.108000 0.132184
137 0.490000 0.693966 0.532000 0.612069
137 0.949000 0.408046 0.098000 0.201149
137 0.230000 0.278736 0.088000 0.097701
137 0.147000 0.294540 0.130000 0.117816
137 0.714000 0.224138 0.052000 0.034483