38 0.904000 0.871000 0.186667 0.234000
89 0.680000 0.751000 0.490667 0.490000
80 0.512000 0.397000 0.218667 0.226000
57 0.037333 0.142000 0.064000 0.096000
7 0.638667 0.971000 0.061333 0.050000
142 0.804000 0.715000 0.109333 0.134000
142 0.976000 0.453000 0.042667 0.042000
142 0.888000 0.595000 0.080000 0.074000
6 0.874667 0.774000 0.250667 0.432000
132 0.592000 0.454000 0.613333 0.360000
132 0.360000 0.598000 0.714667 0.648000
132 0.880000 0.394000 0.197333 0.132000
34 0.126667 0.807000 0.253333 0.386000
98 0.784000 0.312000 0.170667 0.140000
4 0.125333 0.205000 0.250667 0.190000
23 0.120000 0.142000 0.240000 0.284000