21 0.856000 0.451662 0.148000 0.504532
31 0.388000 0.879154 0.776000 0.241692
40 0.214000 0.895770 0.428000 0.208459
65 0.571000 0.640483 0.026000 0.054381
109 0.250000 0.469789 0.048000 0.075529
133 0.047000 0.954683 0.090000 0.090634
2 0.211000 0.132931 0.118000 0.151057
0 0.230000 0.435045 0.084000 0.145015
0 0.612000 0.398792 0.184000 0.217523
0 0.039000 0.456193 0.050000 0.108761
0 0.118000 0.447130 0.068000 0.126888
0 0.652000 0.321752 0.092000 0.057402
0 0.383000 0.425982 0.130000 0.163142