88 0.681000 0.720000 0.630000 0.165000
64 0.750000 0.821250 0.036000 0.047500
64 0.598000 0.817500 0.036000 0.045000
7 0.500000 0.903750 1.000000 0.187500
15 0.645000 0.637500 0.038000 0.045000
15 0.680000 0.635000 0.028000 0.040000
10 0.662000 0.492500 0.060000 0.100000
14 0.734000 0.698750 0.056000 0.162500
14 0.595000 0.707500 0.042000 0.160000
6 0.673000 0.641250 0.198000 0.402500
112 0.598000 0.813750 0.040000 0.052500
3 0.336000 0.210000 0.188000 0.415000
0 0.521000 0.148750 0.030000 0.052500