33 0.227000 0.036977 0.054000 0.041801
33 0.171000 0.040193 0.042000 0.048232
33 0.177000 0.080386 0.046000 0.038585
33 0.232000 0.077170 0.040000 0.032154
74 0.503000 0.856913 0.986000 0.273312
11 0.495000 0.644695 0.990000 0.202572
7 0.501000 0.525723 1.002000 0.086817
15 0.549000 0.242765 0.034000 0.061093
15 0.791000 0.578778 0.038000 0.070740
108 0.499000 0.808682 0.994000 0.254019
1 0.475000 0.512862 0.266000 0.594855
1 0.950000 0.500000 0.096000 0.601286
1 0.867000 0.596463 0.170000 0.472669
6 0.437000 0.414791 0.078000 0.173633
6 0.681000 0.405145 0.090000 0.192926
6 0.823000 0.413183 0.130000 0.176849
6 0.579000 0.414791 0.070000 0.160772
52 0.946000 0.265273 0.088000 0.131833
23 0.360000 0.053055 0.060000 0.086817