5 0.607000 0.377000 0.038000 0.058000
33 0.344000 0.505000 0.608000 0.942000
33 0.504000 0.614000 0.276000 0.280000
37 0.502000 0.266000 0.924000 0.452000
7 0.588000 0.699000 0.732000 0.534000
6 0.903000 0.398000 0.030000 0.076000
148 0.587000 0.692000 0.746000 0.544000
24 0.652000 0.932000 0.212000 0.056000
8 0.496000 0.262000 0.932000 0.460000
145 0.502000 0.559000 0.128000 0.174000
2 0.618000 0.401000 0.016000 0.038000
52 0.885000 0.374000 0.154000 0.100000
52 0.138000 0.307000 0.068000 0.154000