110 0.679000 0.500000 0.398000 1.000000
64 0.735000 0.971471 0.106000 0.057057
7 0.500000 0.801802 1.000000 0.390390
22 0.327000 0.436937 0.654000 0.873874
14 0.419000 0.885886 0.086000 0.192192
14 0.470000 0.896396 0.060000 0.135135
1 0.457000 0.702703 0.190000 0.552553
13 0.883000 0.442943 0.082000 0.885886
48 0.016000 0.825826 0.032000 0.036036
41 0.742000 0.702703 0.124000 0.588589
2 0.197000 0.225225 0.394000 0.450450
17 0.364000 0.343844 0.392000 0.687688
104 0.895000 0.693694 0.046000 0.072072