5 0.790000 0.118667 0.400000 0.226667
105 0.699000 0.394667 0.602000 0.789333
101 0.166000 0.300000 0.048000 0.045333
26 0.209000 0.354667 0.398000 0.090667
7 0.697000 0.713333 0.074000 0.104000
16 0.369000 0.422667 0.050000 0.066667
16 0.303000 0.305333 0.030000 0.045333
45 0.341000 0.310667 0.034000 0.029333
107 0.185000 0.192000 0.266000 0.261333
103 0.159000 0.649333 0.086000 0.301333
1 0.357000 0.594667 0.178000 0.421333
1 0.308000 0.481333 0.240000 0.322667
1 0.237000 0.397333 0.106000 0.240000
1 0.162000 0.544000 0.096000 0.533333
1 0.335000 0.354667 0.046000 0.122667
4 0.266000 0.485333 0.160000 0.208000
4 0.160000 0.426667 0.092000 0.176000
60 0.500000 0.749333 1.000000 0.485333
35 0.472000 0.788000 0.176000 0.226667
0 0.443000 0.109333 0.054000 0.218667
0 0.944000 0.110667 0.112000 0.221333