88 0.582000 0.674667 0.212000 0.106667
88 0.824000 0.680000 0.116000 0.080000
88 0.288000 0.689333 0.212000 0.109333
5 0.081000 0.113333 0.162000 0.226667
5 0.483000 0.165333 0.606000 0.208000
139 0.481000 0.162667 0.602000 0.213333
11 0.500000 0.858667 1.000000 0.282667
7 0.500000 0.833333 1.000000 0.333333
22 0.878000 0.897333 0.064000 0.050667
22 0.647000 0.826667 0.034000 0.037333
22 0.316000 0.902667 0.048000 0.045333
85 0.931000 0.268000 0.042000 0.141333
49 0.500000 0.706667 0.996000 0.074667
8 0.550000 0.164000 0.888000 0.328000
125 0.873000 0.445333 0.126000 0.048000
3 0.452000 0.286667 0.904000 0.130667
3 0.501000 0.508000 0.998000 0.072000
28 0.498000 0.601333 0.996000 0.189333
0 0.796000 0.310667 0.016000 0.034667
0 0.229000 0.288000 0.026000 0.048000
0 0.390000 0.298667 0.024000 0.048000
0 0.605000 0.305333 0.022000 0.040000
0 0.182000 0.286667 0.024000 0.050667
43 0.081000 0.097333 0.014000 0.034667