53 0.499000 0.198198 0.998000 0.390390
67 0.317000 0.318318 0.154000 0.486486
67 0.215000 0.669670 0.182000 0.468468
67 0.741000 0.690691 0.318000 0.612613
5 0.114000 0.243243 0.228000 0.246246
101 0.231000 0.477477 0.058000 0.078078
20 0.024000 0.361862 0.048000 0.129129
33 0.736000 0.324324 0.064000 0.102102
16 0.287000 0.109610 0.054000 0.075075
142 0.296000 0.322823 0.028000 0.039039
103 0.463000 0.665165 0.166000 0.183183
103 0.736000 0.806306 0.236000 0.339339
1 0.735000 0.288288 0.066000 0.180180
1 0.805000 0.292793 0.054000 0.159159
1 0.457000 0.590090 0.174000 0.489489
48 0.405000 0.768769 0.074000 0.054054
48 0.240000 0.867868 0.060000 0.066066
48 0.150000 0.864865 0.040000 0.072072
112 0.657000 0.887387 0.058000 0.063063
9 0.303000 0.028529 0.106000 0.051051
9 0.767000 0.015015 0.110000 0.030030
59 0.464000 0.521021 0.076000 0.051051
0 0.570000 0.193694 0.856000 0.387387