53 0.498000 0.226048 0.996000 0.452096
19 0.313000 0.522455 0.042000 0.134731
19 0.442000 0.229042 0.056000 0.134731
19 0.368000 0.480539 0.036000 0.092814
19 0.193000 0.374251 0.030000 0.065868
19 0.281000 0.419162 0.058000 0.095808
19 0.530000 0.221557 0.056000 0.131737
25 0.417000 0.432635 0.014000 0.038922
147 0.535000 0.435629 0.030000 0.056886
36 0.482000 0.516467 0.144000 0.547904
114 0.701000 0.577844 0.598000 0.844311
114 0.205000 0.351796 0.410000 0.290419
114 0.215000 0.615269 0.430000 0.679641
70 0.484000 0.738024 0.096000 0.122754
17 0.240000 0.185629 0.172000 0.371257
17 0.670000 0.107784 0.104000 0.215569