139 0.695000 0.373333 0.050000 0.101333
19 0.335000 0.350667 0.078000 0.098667
147 0.224000 0.466667 0.104000 0.080000
91 0.715000 0.448000 0.158000 0.640000
96 0.752000 0.213333 0.056000 0.042667
7 0.365000 0.856000 0.722000 0.277333
10 0.207000 0.514667 0.306000 0.453333
92 0.762000 0.174667 0.088000 0.093333
114 0.475000 0.621333 0.758000 0.730667
14 0.495000 0.898667 0.070000 0.181333
13 0.530000 0.224000 0.140000 0.325333
4 0.717000 0.388000 0.118000 0.210667
41 0.749000 0.904000 0.094000 0.181333
3 0.502000 0.502667 0.976000 0.989333