53 0.495000 0.179245 0.990000 0.353100
83 0.311000 0.393531 0.042000 0.021563
73 0.360000 0.536388 0.140000 0.161725
20 0.154000 0.668464 0.304000 0.425876
26 0.674000 0.443396 0.112000 0.234501
26 0.943000 0.303235 0.106000 0.250674
26 0.366000 0.450135 0.116000 0.188679
79 0.604000 0.318059 0.004000 0.010782
79 0.560000 0.299191 0.004000 0.005391
7 0.611000 0.638814 0.078000 0.086253
7 0.365000 0.656334 0.070000 0.078167
118 0.730000 0.659030 0.068000 0.051213
107 0.665000 0.247978 0.534000 0.485175
107 0.182000 0.056604 0.360000 0.113208
120 0.954000 0.361186 0.088000 0.194070
120 0.568000 0.539084 0.084000 0.123989
62 0.846000 0.398922 0.020000 0.231806
62 0.612000 0.454178 0.020000 0.272237
51 0.206000 0.235849 0.276000 0.283019
49 0.485000 0.633423 0.390000 0.123989
60 0.498000 0.855795 0.996000 0.283019
35 0.850000 0.778976 0.140000 0.172507
0 0.359000 0.322102 0.046000 0.132075
0 0.592000 0.214286 0.072000 0.137466