126 0.510000 0.854610 0.408000 0.262411
126 0.071000 0.856383 0.142000 0.209220
58 0.499000 0.205674 0.998000 0.411348
21 0.380000 0.597518 0.012000 0.102837
26 0.314000 0.429078 0.164000 0.028369
57 0.321000 0.606383 0.058000 0.063830
11 0.200000 0.501773 0.400000 0.173759
11 0.808000 0.758865 0.384000 0.482270
118 0.352000 0.663121 0.020000 0.028369
62 0.855000 0.480496 0.014000 0.088652
62 0.865000 0.780142 0.030000 0.099291
8 0.506000 0.205674 0.984000 0.411348
94 0.373000 0.578014 0.210000 0.333333
2 0.122000 0.306738 0.240000 0.592199
2 0.486000 0.358156 0.444000 0.709220
17 0.947000 0.361702 0.098000 0.184397
17 0.821000 0.374113 0.094000 0.117021
28 0.715000 0.496454 0.234000 0.163121