88 0.494000 0.081333 0.196000 0.136000
88 0.487000 0.409333 0.894000 0.610667
20 0.303000 0.038667 0.210000 0.077333
139 0.406000 0.264000 0.208000 0.288000
11 0.500000 0.412000 1.000000 0.584000
7 0.500000 0.704000 1.000000 0.261333
14 0.901000 0.592000 0.042000 0.240000
14 0.067000 0.590667 0.030000 0.248000
14 0.078000 0.550667 0.028000 0.168000
14 0.852000 0.553333 0.044000 0.157333
14 0.470000 0.546667 0.028000 0.149333
1 0.429000 0.072000 0.126000 0.144000
109 0.487000 0.441333 0.834000 0.066667
49 0.497000 0.914667 0.994000 0.170667
49 0.500000 0.114667 1.000000 0.122667
125 0.110000 0.041333 0.220000 0.082667