21 0.736000 0.632000 0.228000 0.677333
32 0.404000 0.476000 0.056000 0.040000
71 0.499000 0.500000 0.998000 1.000000
50 0.273000 0.313333 0.034000 0.157333
50 0.239000 0.693333 0.034000 0.186667
50 0.296000 0.689333 0.024000 0.120000
50 0.226000 0.349333 0.036000 0.192000
50 0.281000 0.592000 0.030000 0.133333
3 0.296000 0.506667 0.200000 0.970667
3 0.499000 0.498667 0.998000 0.997333
3 0.472000 0.504000 0.460000 0.986667
3 0.261000 0.494667 0.162000 0.989333
3 0.486000 0.498667 0.340000 0.965333
3 0.494000 0.573333 0.340000 0.410667
3 0.494000 0.402667 0.340000 0.741333