88 0.887000 0.855000 0.218000 0.285000
67 0.419000 0.517500 0.550000 0.960000
101 0.333000 0.150000 0.270000 0.230000
116 0.814000 0.333750 0.060000 0.122500
139 0.444000 0.813750 0.240000 0.367500
25 0.392000 0.266250 0.052000 0.037500
15 0.635000 0.741250 0.130000 0.162500
32 0.971000 0.300000 0.058000 0.040000
10 0.344000 0.255000 0.280000 0.450000
6 0.590000 0.497500 0.472000 0.995000
4 0.371000 0.725000 0.462000 0.550000
66 0.593000 0.531250 0.334000 0.322500
59 0.594000 0.528750 0.052000 0.047500
18 0.841000 0.595000 0.318000 0.350000
81 0.551000 0.251250 0.350000 0.497500