67 0.509000 0.586667 0.026000 0.112000
58 0.505000 0.021333 0.038000 0.037333
58 0.575000 0.096000 0.058000 0.053333
58 0.253000 0.036000 0.054000 0.056000
58 0.829000 0.028000 0.042000 0.056000
58 0.926000 0.140000 0.044000 0.034667
58 0.123000 0.025333 0.054000 0.050667
37 0.571000 0.117333 0.058000 0.032000
1 0.574000 0.573333 0.048000 0.144000
131 0.598000 0.990667 0.032000 0.013333
8 0.499000 0.074667 0.998000 0.144000
17 0.442000 0.364000 0.008000 0.018667
17 0.356000 0.362667 0.008000 0.010667
28 0.738000 0.816000 0.024000 0.037333
28 0.024000 0.450667 0.016000 0.010667
28 0.711000 0.436000 0.014000 0.013333
28 0.974000 0.430667 0.028000 0.018667