88 0.119000 0.544118 0.126000 0.088235
5 0.751000 0.493464 0.490000 0.986928
58 0.462000 0.300654 0.144000 0.065359
130 0.780000 0.650327 0.084000 0.163399
42 0.742000 0.529412 0.036000 0.078431
85 0.524000 0.550654 0.124000 0.049020
40 0.639000 0.746732 0.054000 0.493464
27 0.737000 0.655229 0.170000 0.539216
27 0.360000 0.472222 0.176000 0.101307
8 0.349000 0.191176 0.554000 0.382353
133 0.293000 0.782680 0.586000 0.421569
94 0.521000 0.501634 0.174000 0.375817
23 0.744000 0.540850 0.040000 0.153595