5 0.345000 0.273333 0.218000 0.098667
42 0.153000 0.378667 0.026000 0.021333
42 0.501000 0.566667 0.038000 0.056000
42 0.132000 0.376000 0.016000 0.026667
102 0.748000 0.136000 0.020000 0.021333
6 0.092000 0.352000 0.020000 0.037333
6 0.433000 0.322667 0.014000 0.037333
6 0.511000 0.590667 0.062000 0.130667
6 0.507000 0.317333 0.014000 0.042667
6 0.443000 0.362667 0.018000 0.058667
6 0.153000 0.389333 0.026000 0.058667
6 0.245000 0.341333 0.014000 0.042667
6 0.524000 0.317333 0.016000 0.037333
6 0.609000 0.304000 0.018000 0.048000
6 0.423000 0.361333 0.030000 0.056000
6 0.137000 0.388000 0.022000 0.066667
8 0.499000 0.157333 0.998000 0.314667