37 0.140000 0.126126 0.280000 0.252252
37 0.417000 0.148649 0.314000 0.285285
37 0.778000 0.133634 0.420000 0.267267
37 0.786000 0.345345 0.420000 0.168168
37 0.203000 0.366366 0.406000 0.168168
59 0.416000 0.441441 0.040000 0.012012
41 0.706000 0.300300 0.152000 0.306306
76 0.693000 0.666667 0.034000 0.060060
35 0.279000 0.684685 0.022000 0.042042
35 0.262000 0.684685 0.020000 0.042042
35 0.167000 0.641141 0.034000 0.045045
35 0.181000 0.641141 0.018000 0.045045
35 0.055000 0.642643 0.026000 0.048048
35 0.042000 0.642643 0.036000 0.048048