38 0.530030 0.325000 0.135135 0.198000
38 0.777778 0.348000 0.162162 0.192000
128 0.524024 0.259000 0.189189 0.090000
37 0.213213 0.280000 0.426426 0.308000
37 0.339339 0.191000 0.324324 0.130000
37 0.719219 0.083000 0.555556 0.166000
74 0.430931 0.916000 0.861862 0.036000
64 0.752252 0.455000 0.159159 0.086000
16 0.695195 0.198000 0.093093 0.060000
22 0.433934 0.786000 0.297297 0.024000
22 0.414414 0.732000 0.312312 0.016000
22 0.346847 0.685000 0.693694 0.018000
1 0.638138 0.353000 0.435435 0.370000
13 0.944444 0.501000 0.027027 0.126000
4 0.588589 0.287000 0.324324 0.146000
48 0.747748 0.457000 0.138138 0.090000
112 0.450450 0.489000 0.060060 0.074000
8 0.498498 0.083000 0.996997 0.166000
2 0.519520 0.528000 0.636637 0.196000
3 0.908408 0.892000 0.183183 0.212000
3 0.382883 0.586000 0.759760 0.112000
35 0.515015 0.475000 0.045045 0.038000
35 0.453453 0.454000 0.042042 0.032000
35 0.447447 0.578000 0.042042 0.040000
35 0.500000 0.596000 0.039039 0.036000