126 0.729333 0.434000 0.018667 0.020000
126 0.348000 0.364000 0.050667 0.028000
126 0.498667 0.394000 0.016000 0.016000
134 0.616000 0.578000 0.608000 0.336000
134 0.202667 0.357000 0.042667 0.030000
134 0.304000 0.507000 0.240000 0.070000
25 0.340000 0.557000 0.013333 0.010000
36 0.358667 0.561000 0.082667 0.102000
26 0.558667 0.399000 0.525333 0.110000
11 0.504000 0.636000 0.992000 0.724000
22 0.242667 0.689000 0.064000 0.062000
51 0.682667 0.325000 0.277333 0.078000
8 0.497333 0.148000 0.994667 0.292000
2 0.406667 0.333000 0.077333 0.106000
0 0.752000 0.379000 0.037333 0.030000