53 0.500000 0.111000 1.000000 0.222000
115 0.662667 0.819000 0.344000 0.050000
115 0.458667 0.546000 0.208000 0.024000
37 0.526667 0.090000 0.941333 0.180000
1 0.316000 0.357000 0.088000 0.046000
1 0.740000 0.904000 0.312000 0.096000
1 0.184000 0.447000 0.064000 0.094000
27 0.334667 0.230000 0.018667 0.032000
27 0.358667 0.211000 0.013333 0.026000
27 0.346667 0.222000 0.037333 0.048000
27 0.526667 0.642000 0.749333 0.620000
27 0.328000 0.171000 0.005333 0.010000
27 0.333333 0.171000 0.005333 0.010000
27 0.656000 0.818000 0.293333 0.076000
6 0.741333 0.905000 0.314667 0.094000
6 0.560000 0.627000 0.074667 0.070000
6 0.596000 0.764000 0.253333 0.056000
6 0.472000 0.595000 0.176000 0.038000
6 0.436000 0.537000 0.189333 0.042000
6 0.437333 0.553000 0.160000 0.042000
6 0.534667 0.693000 0.221333 0.038000
148 0.568000 0.550000 0.864000 0.820000
81 0.180000 0.447000 0.056000 0.054000