53 0.637000 0.650000 0.250000 0.600000
54 0.641000 0.652500 0.270000 0.615000
86 0.362000 0.875000 0.288000 0.170000
100 0.480000 0.242500 0.240000 0.230000
144 0.354000 0.793750 0.320000 0.322500
57 0.356000 0.795000 0.336000 0.315000
47 0.592000 0.650000 0.048000 0.050000
119 0.548000 0.650000 0.028000 0.065000
12 0.670000 0.561250 0.036000 0.122500
78 0.637000 0.381250 0.142000 0.067500
98 0.641000 0.650000 0.262000 0.610000
18 0.497000 0.972500 0.994000 0.050000
3 0.500000 0.483750 1.000000 0.957500
28 0.360000 0.870000 0.236000 0.155000