19 0.521333 0.183000 0.157333 0.094000
25 0.369333 0.392000 0.029333 0.012000
64 0.598667 0.731000 0.061333 0.058000
7 0.549333 0.538000 0.901333 0.924000
10 0.836000 0.535000 0.296000 0.162000
10 0.500000 0.571000 0.232000 0.174000
103 0.125333 0.233000 0.170667 0.282000
22 0.468000 0.840000 0.045333 0.040000
78 0.508000 0.151000 0.168000 0.282000
30 0.916000 0.130000 0.104000 0.040000
29 0.092000 0.592000 0.184000 0.816000
27 0.377333 0.166000 0.109333 0.332000
6 0.110667 0.499000 0.221333 0.998000
4 0.926667 0.070000 0.146667 0.112000
4 0.110667 0.122000 0.221333 0.240000
48 0.905333 0.472000 0.056000 0.028000
141 0.921333 0.091000 0.109333 0.010000
41 0.601333 0.689000 0.146667 0.082000
23 0.126667 0.214000 0.184000 0.360000