53 0.494667 0.246000 0.973333 0.476000
5 0.502667 0.265000 0.973333 0.278000
126 0.822667 0.451000 0.322667 0.226000
19 0.616000 0.162000 0.064000 0.040000
25 0.686667 0.180000 0.029333 0.020000
26 0.821333 0.419000 0.352000 0.266000
117 0.452000 0.510000 0.669333 0.800000
7 0.506667 0.880000 0.986667 0.240000
10 0.665333 0.177000 0.248000 0.134000
14 0.405333 0.730000 0.074667 0.356000
82 0.284000 0.746000 0.082667 0.304000
70 0.769333 0.223000 0.045333 0.038000
30 0.776000 0.209000 0.016000 0.014000
13 0.169333 0.303000 0.029333 0.242000
46 0.358667 0.367000 0.072000 0.042000
59 0.205333 0.174000 0.410667 0.084000
2 0.533333 0.357000 0.288000 0.714000
0 0.173333 0.268000 0.218667 0.148000