5 0.178000 0.498498 0.340000 0.984985
130 0.451000 0.657658 0.022000 0.060060
21 0.047000 0.677177 0.090000 0.639640
47 0.507000 0.340841 0.026000 0.039039
47 0.590000 0.352853 0.024000 0.039039
47 0.690000 0.355856 0.024000 0.039039
47 0.639000 0.364865 0.026000 0.039039
47 0.666000 0.351351 0.024000 0.036036
119 0.570000 0.238739 0.476000 0.081081
1 0.738000 0.750751 0.300000 0.480480
6 0.451000 0.659159 0.022000 0.087087
13 0.601000 0.588589 0.010000 0.210210
9 0.390000 0.424925 0.084000 0.063063