68 0.703000 0.716000 0.054000 0.084000
20 0.501000 0.576000 0.998000 0.432000
21 0.918000 0.627000 0.160000 0.334000
31 0.500000 0.841000 1.000000 0.314000
57 0.232000 0.571000 0.292000 0.226000
16 0.783000 0.526000 0.042000 0.032000
42 0.768000 0.609000 0.100000 0.138000
102 0.460000 0.025000 0.204000 0.050000
1 0.751000 0.671000 0.146000 0.326000
29 0.754000 0.748000 0.064000 0.160000
6 0.875000 0.677000 0.086000 0.246000
62 0.502000 0.245000 0.996000 0.246000
24 0.375000 0.867000 0.154000 0.046000
112 0.766000 0.819000 0.076000 0.030000
9 0.180000 0.571000 0.176000 0.206000
9 0.110000 0.366000 0.092000 0.036000
59 0.418000 0.533000 0.836000 0.118000
43 0.638000 0.533000 0.364000 0.094000