5 0.502000 0.245333 0.984000 0.485333
105 0.532000 0.552000 0.816000 0.560000
21 0.701000 0.541333 0.162000 0.490667
57 0.858000 0.437333 0.140000 0.245333
57 0.697000 0.442667 0.130000 0.218667
7 0.500000 0.737333 0.992000 0.514667
102 0.089000 0.300000 0.014000 0.018667
119 0.531000 0.561333 0.026000 0.040000
55 0.497000 0.734667 0.990000 0.498667
49 0.154000 0.906667 0.304000 0.176000
9 0.448000 0.349333 0.076000 0.021333
2 0.049000 0.338667 0.078000 0.154667
43 0.279000 0.256000 0.018000 0.064000