38 0.403000 0.601423 0.050000 0.170819
53 0.500000 0.382562 0.288000 0.380783
122 0.435000 0.500000 0.870000 1.000000
10 0.444000 0.460854 0.036000 0.067616
82 0.466000 0.736655 0.092000 0.213523
82 0.491000 0.745552 0.046000 0.124555
12 0.324000 0.332740 0.040000 0.024911
61 0.499000 0.272242 0.266000 0.153025
65 0.635000 0.813167 0.014000 0.024911
65 0.556000 0.421708 0.108000 0.096085
98 0.174000 0.642349 0.348000 0.544484
9 0.499000 0.548043 0.302000 0.718861
3 0.913000 0.500000 0.174000 1.000000
0 0.428000 0.500000 0.856000 1.000000
104 0.497000 0.866548 0.306000 0.081851