95 0.765766 0.731000 0.060060 0.026000
95 0.927928 0.716000 0.054054 0.016000
95 0.860360 0.804000 0.093093 0.028000
95 0.264264 0.752000 0.078078 0.028000
95 0.855856 0.767000 0.096096 0.026000
95 0.842342 0.716000 0.057057 0.020000
5 0.500000 0.179000 1.000000 0.358000
20 0.409910 0.409000 0.819820 0.214000
7 0.500000 0.671000 1.000000 0.658000
42 0.204204 0.391000 0.408408 0.186000
40 0.905405 0.482000 0.189189 0.120000
40 0.833333 0.490000 0.183183 0.012000
1 0.264264 0.532000 0.528529 0.524000
55 0.498498 0.523000 0.996997 0.350000
24 0.687688 0.635000 0.120120 0.102000
112 0.130631 0.766000 0.153153 0.048000
112 0.039039 0.741000 0.060060 0.030000
141 0.108108 0.775000 0.060060 0.018000
125 0.112613 0.297000 0.225225 0.082000
3 0.121622 0.155000 0.243243 0.310000