5 0.143000 0.249333 0.286000 0.498667
74 0.375000 0.396000 0.378000 0.232000
19 0.796000 0.566667 0.040000 0.130667
110 0.333000 0.573333 0.546000 0.586667
110 0.774000 0.669333 0.308000 0.464000
26 0.826000 0.600000 0.264000 0.581333
26 0.056000 0.541333 0.112000 0.549333
7 0.500000 0.744000 1.000000 0.506667
22 0.762000 0.180000 0.016000 0.024000
41 0.083000 0.614667 0.046000 0.376000
17 0.473000 0.164000 0.414000 0.248000
84 0.869000 0.677333 0.070000 0.181333
3 0.141000 0.173333 0.282000 0.346667