38 0.525000 0.898667 0.142000 0.197333
95 0.896000 0.865333 0.136000 0.104000
25 0.690000 0.293333 0.032000 0.058667
117 0.814000 0.353333 0.368000 0.701333
15 0.636000 0.822667 0.104000 0.120000
45 0.378000 0.518667 0.108000 0.114667
10 0.763000 0.353333 0.266000 0.706667
10 0.375000 0.558667 0.126000 0.194667
12 0.739000 0.090667 0.262000 0.133333
1 0.397000 0.729333 0.578000 0.536000
70 0.362000 0.606667 0.036000 0.018667
70 0.708000 0.641333 0.080000 0.141333
78 0.904000 0.124000 0.192000 0.242667
71 0.499000 0.501333 0.998000 1.002667
4 0.313000 0.832000 0.414000 0.330667
46 0.918000 0.024000 0.048000 0.048000
46 0.964000 0.042667 0.064000 0.064000
46 0.912000 0.200000 0.064000 0.069333
46 0.874000 0.138667 0.048000 0.064000
46 0.953000 0.109333 0.066000 0.058667
3 0.751000 0.500000 0.498000 0.994667
104 0.378000 0.480000 0.060000 0.026667