67 0.365000 0.679359 0.430000 0.633267
16 0.407000 0.463928 0.186000 0.194389
15 0.454000 0.600200 0.060000 0.030060
29 0.328000 0.825651 0.356000 0.340681
55 0.783000 0.843687 0.198000 0.144289
4 0.398000 0.576152 0.268000 0.234469
9 0.759000 0.324649 0.066000 0.048096
72 0.503000 0.341683 0.990000 0.338677
72 0.378000 0.295591 0.124000 0.070140
60 0.498000 0.875752 0.996000 0.240481
2 0.117000 0.182365 0.234000 0.168337
84 0.209000 0.161323 0.234000 0.150301
84 0.127000 0.191383 0.098000 0.082164