53 0.506000 0.638000 0.980000 0.400000
5 0.868000 0.311000 0.180000 0.610000
5 0.793000 0.808000 0.270000 0.360000
20 0.318000 0.840000 0.056000 0.044000
20 0.405000 0.828000 0.058000 0.036000
97 0.869000 0.295000 0.046000 0.042000
37 0.501000 0.363000 1.002000 0.726000
102 0.509000 0.310000 0.074000 0.040000
102 0.560000 0.487000 0.028000 0.022000
27 0.656000 0.823000 0.080000 0.122000
27 0.699000 0.825000 0.030000 0.122000
13 0.593000 0.567000 0.006000 0.234000
55 0.470000 0.847000 0.864000 0.286000
9 0.743000 0.711000 0.166000 0.062000
8 0.498000 0.360000 0.960000 0.652000
60 0.313000 0.824000 0.418000 0.144000
60 0.501000 0.827000 0.946000 0.306000
81 0.855000 0.057000 0.038000 0.094000