5 0.109000 0.394022 0.102000 0.048913
5 0.848000 0.221467 0.300000 0.437500
21 0.578000 0.394022 0.028000 0.228261
26 0.893000 0.486413 0.214000 0.130435
118 0.650000 0.471467 0.024000 0.035326
12 0.651000 0.472826 0.022000 0.032609
12 0.923000 0.476902 0.018000 0.029891
9 0.954000 0.702446 0.072000 0.144022
133 0.160000 0.876359 0.320000 0.247283
94 0.475000 0.425272 0.634000 0.415761
3 0.889000 0.491848 0.214000 0.103261
0 0.661000 0.350543 0.070000 0.108696
0 0.904000 0.135870 0.024000 0.070652
0 0.389000 0.376359 0.022000 0.062500
0 0.366000 0.375000 0.024000 0.059783
0 0.344000 0.373641 0.028000 0.062500
0 0.924000 0.135870 0.024000 0.065217
0 0.434000 0.377717 0.028000 0.070652
0 0.410000 0.377717 0.024000 0.065217
43 0.461000 0.373641 0.030000 0.067935