37 0.500000 0.232733 1.000000 0.465465
7 0.497000 0.777778 0.994000 0.444444
42 0.350000 0.558559 0.020000 0.036036
103 0.352000 0.596096 0.016000 0.045045
47 0.160000 0.378378 0.056000 0.102102
108 0.740000 0.645646 0.228000 0.012012
108 0.745000 0.771772 0.498000 0.042042
61 0.238000 0.492492 0.056000 0.024024
61 0.366000 0.504505 0.076000 0.066066
1 0.991000 0.584084 0.018000 0.093093
30 0.916000 0.492492 0.124000 0.156156
27 0.361000 0.572072 0.014000 0.087087
27 0.332000 0.576577 0.020000 0.084084
6 0.350000 0.572072 0.020000 0.093093
24 0.417000 0.687688 0.662000 0.168168
8 0.498000 0.232733 0.996000 0.465465
41 0.185000 0.393393 0.310000 0.282282
35 0.624000 0.596096 0.024000 0.039039
35 0.944000 0.605105 0.036000 0.039039
35 0.586000 0.596096 0.052000 0.069069
135 0.455000 0.373874 0.342000 0.219219