128 0.637000 0.737333 0.146000 0.226667
5 0.195000 0.260000 0.390000 0.520000
20 0.878000 0.538667 0.128000 0.085333
10 0.632000 0.578667 0.072000 0.106667
119 0.468000 0.046667 0.044000 0.056000
108 0.895000 0.705333 0.078000 0.029333
108 0.910000 0.674667 0.068000 0.021333
1 0.125000 0.738667 0.182000 0.522667
1 0.635000 0.732000 0.150000 0.413333
27 0.526000 0.505333 0.016000 0.061333
27 0.038000 0.686667 0.076000 0.360000
27 0.255000 0.754667 0.146000 0.490667
27 0.337000 0.660000 0.110000 0.322667
27 0.289000 0.537333 0.054000 0.120000
27 0.385000 0.580000 0.066000 0.125333
27 0.492000 0.640000 0.112000 0.224000
27 0.443000 0.560000 0.086000 0.149333
27 0.792000 0.621333 0.140000 0.245333
27 0.656000 0.956000 0.260000 0.088000
27 0.945000 0.804000 0.110000 0.397333
27 0.962000 0.640000 0.076000 0.202667
27 0.011000 0.500000 0.022000 0.045333
6 0.804000 0.781333 0.160000 0.378667
6 0.769000 0.854667 0.230000 0.290667
6 0.402000 0.810667 0.232000 0.378667
6 0.508000 0.770667 0.156000 0.416000
6 0.573000 0.710667 0.094000 0.418667
13 0.341000 0.253333 0.042000 0.506667
4 0.638000 0.740000 0.148000 0.221333
4 0.808000 0.821333 0.164000 0.261333
4 0.769000 0.949333 0.222000 0.101333
49 0.370000 0.573333 0.456000 0.101333
9 0.629000 0.432000 0.014000 0.026667
9 0.461000 0.064000 0.090000 0.122667
9 0.281000 0.302667 0.098000 0.136000
9 0.275000 0.406667 0.106000 0.050667
9 0.283000 0.144000 0.110000 0.154667
60 0.500000 0.756000 1.000000 0.488000
141 0.894000 0.754667 0.076000 0.037333
141 0.893000 0.785333 0.054000 0.040000