38 0.533333 0.706000 0.106667 0.140000
68 0.173333 0.844000 0.112000 0.196000
5 0.462667 0.491000 0.925333 0.982000
21 0.109333 0.635000 0.208000 0.586000
25 0.369333 0.514000 0.034667 0.032000
7 0.673333 0.950000 0.157333 0.084000
7 0.861333 0.187000 0.053333 0.046000
45 0.369333 0.449000 0.232000 0.110000
47 0.298667 0.208000 0.042667 0.044000
4 0.369333 0.675000 0.434667 0.210000
49 0.600000 0.863000 0.789333 0.258000
9 0.817333 0.140000 0.242667 0.264000
9 0.430667 0.220000 0.520000 0.160000
0 0.849333 0.508000 0.104000 0.184000
0 0.461333 0.095000 0.288000 0.190000
0 0.550667 0.510000 0.248000 0.272000