87 0.523000 0.758667 0.018000 0.029333
87 0.570000 0.984000 0.024000 0.032000
37 0.745000 0.174667 0.510000 0.349333
56 0.500000 0.694667 1.000000 0.610667
140 0.652000 0.705333 0.096000 0.093333
96 0.457000 0.389333 0.158000 0.048000
11 0.128000 0.898667 0.196000 0.122667
16 0.431000 0.334667 0.154000 0.173333
15 0.646000 0.774667 0.184000 0.328000
39 0.607000 0.366667 0.010000 0.013333
39 0.300000 0.320000 0.016000 0.026667
39 0.191000 0.293333 0.018000 0.026667
39 0.255000 0.296000 0.038000 0.016000
39 0.038000 0.272000 0.012000 0.032000
1 0.578000 0.618667 0.612000 0.757333
24 0.500000 0.873333 1.000000 0.253333
4 0.579000 0.762667 0.610000 0.474667
8 0.500000 0.174667 1.000000 0.349333
2 0.146000 0.330667 0.080000 0.112000
2 0.264000 0.340000 0.076000 0.114667
2 0.196000 0.317333 0.052000 0.144000
2 0.570000 0.370667 0.056000 0.106667
2 0.623000 0.369333 0.054000 0.098667
2 0.889000 0.368000 0.058000 0.112000
2 0.754000 0.377333 0.036000 0.093333
2 0.684000 0.366667 0.040000 0.120000
2 0.310000 0.340000 0.060000 0.120000
2 0.527000 0.365333 0.066000 0.117333
2 0.592000 0.364000 0.048000 0.104000
2 0.308000 0.337333 0.060000 0.125333
2 0.049000 0.309333 0.098000 0.149333
17 0.972000 0.390667 0.056000 0.130667
17 0.810000 0.374667 0.020000 0.098667
17 0.894000 0.362667 0.052000 0.112000