38 0.382883 0.748000 0.087087 0.064000
38 0.554054 0.495000 0.051051 0.150000
128 0.551051 0.683000 0.069069 0.174000
53 0.503003 0.896000 0.993994 0.204000
26 0.498498 0.566000 0.996997 0.664000
7 0.500000 0.936000 1.000000 0.124000
15 0.316817 0.772000 0.063063 0.032000
32 0.295796 0.769000 0.099099 0.038000
108 0.453453 0.843000 0.048048 0.062000
1 0.438438 0.678000 0.306306 0.640000
24 0.737237 0.985000 0.381381 0.026000
4 0.495495 0.644000 0.186186 0.240000
48 0.420420 0.976000 0.138138 0.044000
48 0.519520 0.975000 0.084084 0.046000
66 0.456456 0.825000 0.216216 0.170000
59 0.534535 0.670000 0.096096 0.084000