5 0.765000 0.248000 0.262000 0.192000
20 0.128000 0.441333 0.072000 0.082667
134 0.926000 0.445333 0.096000 0.064000
134 0.557000 0.532000 0.110000 0.130667
134 0.089000 0.514667 0.106000 0.101333
134 0.432000 0.566667 0.096000 0.114667
134 0.220000 0.422667 0.076000 0.061333
134 0.681000 0.716000 0.498000 0.354667
134 0.828000 0.565333 0.120000 0.149333
21 0.775000 0.290667 0.022000 0.074667
56 0.499000 0.706667 0.998000 0.576000
11 0.499000 0.774667 0.998000 0.440000
11 0.500000 0.441333 1.000000 0.264000
10 0.518000 0.624000 0.176000 0.186667
118 0.158000 0.449333 0.012000 0.013333
146 0.766000 0.184000 0.464000 0.192000
107 0.830000 0.102667 0.116000 0.093333
107 0.428000 0.217333 0.200000 0.242667
55 0.499000 0.432000 0.998000 0.330667
51 0.754000 0.213333 0.252000 0.080000
3 0.219000 0.304000 0.234000 0.058667
0 0.473000 0.286667 0.006000 0.056000
0 0.510000 0.209333 0.008000 0.056000
0 0.511000 0.285333 0.006000 0.053333
0 0.732000 0.280000 0.024000 0.042667