67 0.676000 0.606000 0.640000 0.656000
136 0.806000 0.069000 0.380000 0.138000
33 0.469000 0.701000 0.226000 0.310000
21 0.732000 0.310000 0.136000 0.136000
25 0.739000 0.523000 0.042000 0.026000
25 0.628000 0.554000 0.044000 0.020000
122 0.731000 0.336000 0.166000 0.224000
16 0.648000 0.438000 0.308000 0.324000
12 0.688000 0.062000 0.028000 0.012000
120 0.429000 0.436000 0.066000 0.024000
24 0.285000 0.733000 0.126000 0.322000
90 0.922000 0.230000 0.152000 0.088000
90 0.919000 0.327000 0.158000 0.050000
4 0.688000 0.742000 0.568000 0.264000
18 0.499000 0.928000 0.994000 0.140000
3 0.307000 0.487000 0.610000 0.970000
3 0.908000 0.335000 0.180000 0.630000