25 0.435241 0.382000 0.027108 0.012000
25 0.391566 0.381000 0.012048 0.010000
127 0.799699 0.844000 0.388554 0.300000
11 0.923193 0.496000 0.015060 0.072000
11 0.814759 0.502000 0.015060 0.068000
11 0.760542 0.483000 0.015060 0.042000
11 0.719880 0.487000 0.012048 0.054000
11 0.704819 0.502000 0.018072 0.068000
11 0.823795 0.435000 0.021084 0.018000
10 0.292169 0.603000 0.349398 0.202000
10 0.493976 0.373000 0.228916 0.186000
14 0.332831 0.927000 0.243976 0.138000
61 0.564759 0.579000 0.081325 0.098000
30 0.405120 0.402000 0.039157 0.020000
29 0.552711 0.898000 0.195783 0.196000
4 0.539157 0.620000 0.271084 0.340000
8 0.498494 0.122000 0.990964 0.244000
17 0.876506 0.325000 0.084337 0.230000
17 0.667169 0.249000 0.177711 0.246000
17 0.290663 0.252000 0.141566 0.384000
17 0.566265 0.258000 0.132530 0.100000
28 0.081325 0.767000 0.054217 0.034000
28 0.024096 0.586000 0.048193 0.044000
28 0.710843 0.617000 0.048193 0.042000
28 0.087349 0.852000 0.054217 0.080000
28 0.027108 0.554000 0.030120 0.020000
28 0.971386 0.640000 0.045181 0.040000