121 0.810000 0.538000 0.008000 0.012000
121 0.928000 0.546000 0.016000 0.012000
121 0.975000 0.536000 0.002000 0.008000
121 0.842000 0.538000 0.012000 0.020000
5 0.113000 0.436000 0.070000 0.056000
58 0.424000 0.052000 0.088000 0.096000
58 0.826000 0.154000 0.256000 0.268000
58 0.867000 0.352000 0.262000 0.232000
58 0.945000 0.176000 0.038000 0.080000
58 0.305000 0.194000 0.266000 0.236000
37 0.734000 0.028000 0.100000 0.056000
37 0.647000 0.078000 0.090000 0.116000
37 0.497000 0.198000 0.154000 0.140000
64 0.277000 0.694000 0.094000 0.100000
7 0.509000 0.740000 0.974000 0.480000
14 0.072000 0.420000 0.144000 0.800000
1 0.339000 0.464000 0.058000 0.208000
27 0.840000 0.514000 0.020000 0.044000
27 0.397000 0.490000 0.050000 0.164000
6 0.643000 0.488000 0.030000 0.120000
6 0.173000 0.426000 0.322000 0.804000
148 0.500000 0.714000 0.988000 0.540000
24 0.551000 0.912000 0.182000 0.144000
8 0.500000 0.258000 1.000000 0.516000
141 0.520000 0.730000 0.028000 0.236000
141 0.587000 0.740000 0.106000 0.224000
28 0.839000 0.554000 0.314000 0.068000
23 0.638000 0.480000 0.040000 0.120000