5 0.934000 0.330330 0.128000 0.276276
21 0.524000 0.522523 0.040000 0.270270
31 0.974000 0.894895 0.048000 0.198198
7 0.986000 0.761261 0.024000 0.057057
7 0.986000 0.548048 0.028000 0.093093
7 0.846000 0.602102 0.044000 0.057057
12 0.306000 0.238739 0.112000 0.021021
85 0.235000 0.620120 0.066000 0.045045
40 0.943000 0.882883 0.058000 0.228228
69 0.949000 0.684685 0.034000 0.060060
69 0.986000 0.638138 0.016000 0.081081
69 0.955000 0.822823 0.026000 0.024024
69 0.980000 0.815315 0.020000 0.021021
69 0.928000 0.960961 0.016000 0.018018
8 0.510000 0.177177 0.968000 0.336336
94 0.502000 0.569069 0.888000 0.657658
0 0.329000 0.322823 0.054000 0.027027
104 0.179000 0.578078 0.066000 0.027027