53 0.498498 0.500000 0.996997 1.000000
100 0.932432 0.214000 0.129129 0.036000
100 0.924925 0.471000 0.144144 0.034000
100 0.950450 0.075000 0.093093 0.022000
100 0.948949 0.617000 0.102102 0.022000
5 0.093093 0.506000 0.186186 0.980000
5 0.896396 0.691000 0.207207 0.342000
31 0.067568 0.701000 0.135135 0.070000
31 0.073574 0.626000 0.147147 0.076000
31 0.075075 0.561000 0.150150 0.066000
31 0.078078 0.505000 0.156156 0.066000
31 0.055556 0.228000 0.111111 0.072000
102 0.400901 0.234000 0.099099 0.092000
47 0.325826 0.693000 0.033033 0.042000
47 0.486486 0.647000 0.036036 0.038000
47 0.373874 0.681000 0.027027 0.038000
47 0.587087 0.628000 0.033033 0.028000
47 0.627628 0.616000 0.024024 0.028000
9 0.527027 0.652000 0.543544 0.256000
9 0.216216 0.316000 0.330330 0.128000
8 0.500000 0.346000 0.993994 0.692000
2 0.869369 0.392000 0.261261 0.784000
43 0.093093 0.713000 0.024024 0.042000