38 0.815315 0.651000 0.363363 0.322000
100 0.509009 0.694000 0.219219 0.156000
5 0.442943 0.096000 0.885886 0.192000
19 0.959459 0.260000 0.081081 0.112000
19 0.783784 0.266000 0.060060 0.060000
25 0.801802 0.381000 0.042042 0.026000
36 0.801802 0.386000 0.252252 0.264000
26 0.472973 0.270000 0.129129 0.328000
7 0.500000 0.500000 1.000000 1.000000
10 0.834835 0.370000 0.324324 0.304000
14 0.630631 0.908000 0.552553 0.148000
70 0.774775 0.487000 0.108108 0.046000
30 0.708709 0.465000 0.066066 0.030000
13 0.369369 0.087000 0.084084 0.174000
51 0.442943 0.029000 0.885886 0.058000
2 0.908408 0.150000 0.183183 0.148000
2 0.690691 0.154000 0.276276 0.268000
28 0.349850 0.570000 0.699700 0.384000