33 0.168000 0.584084 0.276000 0.537538
106 0.672000 0.581081 0.548000 0.567568
21 0.487000 0.376877 0.226000 0.753754
19 0.634000 0.537538 0.084000 0.078078
25 0.501000 0.605105 0.026000 0.033033
10 0.263000 0.629129 0.190000 0.279279
78 0.246000 0.506006 0.120000 0.093093
30 0.260000 0.744745 0.036000 0.042042
34 0.264000 0.801802 0.180000 0.096096
34 0.540000 0.780781 0.176000 0.090090
46 0.493000 0.579580 0.066000 0.126126
18 0.488000 0.873874 0.976000 0.252252
41 0.892000 0.690691 0.108000 0.342342