5 0.516517 0.399000 0.918919 0.770000
37 0.845345 0.064000 0.231231 0.128000
26 0.360360 0.686000 0.114114 0.156000
7 0.500000 0.823000 1.000000 0.354000
22 0.375375 0.418000 0.114114 0.144000
22 0.474474 0.425000 0.114114 0.066000
12 0.138138 0.491000 0.066066 0.074000
75 0.487988 0.767000 0.075075 0.030000
13 0.129129 0.664000 0.024024 0.276000
8 0.500000 0.219000 1.000000 0.438000
2 0.400901 0.457000 0.411411 0.558000
3 0.498498 0.418000 0.834835 0.756000
0 0.669670 0.571000 0.078078 0.086000
43 0.660661 0.360000 0.066066 0.092000
43 0.666667 0.568000 0.072072 0.080000
43 0.647147 0.328000 0.111111 0.104000
43 0.653153 0.555000 0.159159 0.134000