5 0.724000 0.324773 0.220000 0.468278
5 0.585000 0.376133 0.126000 0.208459
73 0.782000 0.509063 0.096000 0.117825
21 0.723000 0.271903 0.082000 0.247734
79 0.748000 0.507553 0.008000 0.012085
10 0.495000 0.435045 0.098000 0.181269
12 0.899000 0.854985 0.054000 0.084592
1 0.530000 0.637462 0.216000 0.580060
75 0.457000 0.501511 0.746000 0.858006
98 0.453000 0.503021 0.758000 0.873112
55 0.623000 0.678248 0.386000 0.498489
24 0.423000 0.867069 0.158000 0.108761
9 0.603000 0.429003 0.038000 0.066465
125 0.272000 0.492447 0.360000 0.839879
0 0.722000 0.222054 0.048000 0.051360