53 0.573000 0.193333 0.314000 0.114667
88 0.377000 0.361333 0.326000 0.285333
25 0.608000 0.505333 0.048000 0.066667
26 0.517000 0.236000 0.422000 0.088000
64 0.158000 0.790667 0.048000 0.125333
64 0.290000 0.754667 0.060000 0.117333
11 0.500000 0.636000 1.000000 0.706667
7 0.500000 0.634667 0.996000 0.725333
16 0.615000 0.362667 0.330000 0.341333
10 0.787000 0.558667 0.058000 0.114667
8 0.425000 0.104000 0.850000 0.208000
18 0.272000 0.269333 0.544000 0.469333
3 0.162000 0.272000 0.324000 0.176000
35 0.921000 0.209333 0.154000 0.418667