74 0.499000 0.498498 0.998000 0.996997
106 0.437000 0.756757 0.602000 0.462462
26 0.776000 0.202703 0.436000 0.375375
127 0.935000 0.247748 0.114000 0.171171
64 0.680000 0.899399 0.044000 0.051051
64 0.408000 0.945946 0.056000 0.078078
64 0.600000 0.909910 0.072000 0.060060
11 0.652000 0.328829 0.080000 0.093093
11 0.841000 0.776276 0.138000 0.129129
11 0.986000 0.605105 0.024000 0.063063
11 0.825000 0.957958 0.098000 0.072072
11 0.829000 0.585586 0.058000 0.096096
11 0.204000 0.252252 0.088000 0.066066
11 0.100000 0.265766 0.076000 0.075075
11 0.238000 0.202703 0.144000 0.123123
78 0.286000 0.734234 0.084000 0.231231
48 0.212000 0.920420 0.192000 0.135135
41 0.712000 0.758258 0.060000 0.219219
104 0.837000 0.896396 0.258000 0.039039