128 0.843000 0.349398 0.062000 0.042169
100 0.140000 0.027108 0.080000 0.042169
101 0.186000 0.302711 0.024000 0.021084
136 0.520000 0.021084 0.356000 0.036145
57 0.429000 0.341867 0.846000 0.683735
7 0.500000 0.793675 1.000000 0.412651
10 0.403000 0.611446 0.090000 0.228916
10 0.674000 0.573795 0.048000 0.153614
42 0.179000 0.387048 0.066000 0.117470
14 0.862000 0.587349 0.180000 0.355422
14 0.693000 0.510542 0.134000 0.298193
14 0.770000 0.575301 0.032000 0.162651
82 0.446000 0.593373 0.408000 0.500000
12 0.633000 0.066265 0.010000 0.018072
1 0.122000 0.334337 0.052000 0.108434
78 0.704000 0.483434 0.080000 0.099398
78 0.493000 0.358434 0.182000 0.313253
27 0.185000 0.436747 0.070000 0.289157
46 0.706000 0.168675 0.020000 0.042169
141 0.854000 0.442771 0.008000 0.138554
50 0.440000 0.783133 0.116000 0.084337
0 0.432000 0.352410 0.864000 0.704819