73 0.567000 0.634667 0.314000 0.362667
44 0.470000 0.446667 0.036000 0.056000
44 0.387000 0.477333 0.054000 0.096000
79 0.747000 0.681333 0.078000 0.162667
39 0.666000 0.665333 0.056000 0.045333
39 0.578000 0.809333 0.072000 0.093333
39 0.398000 0.546667 0.028000 0.042667
39 0.504000 0.689333 0.064000 0.040000
39 0.614000 0.668000 0.020000 0.072000
22 0.862000 0.780000 0.044000 0.056000
22 0.663000 0.732000 0.058000 0.077333
22 0.914000 0.125333 0.032000 0.042667
13 0.790000 0.652000 0.084000 0.418667
13 0.352000 0.274667 0.028000 0.485333
13 0.147000 0.293333 0.034000 0.576000
13 0.476000 0.261333 0.024000 0.336000
13 0.609000 0.265333 0.030000 0.242667
109 0.122000 0.345333 0.068000 0.034667
9 0.818000 0.328000 0.136000 0.245333
2 0.951000 0.121333 0.098000 0.242667
35 0.271000 0.605333 0.210000 0.266667
35 0.092000 0.534667 0.108000 0.226667
104 0.821000 0.297333 0.102000 0.050667