20 0.847000 0.920000 0.306000 0.160000
20 0.131000 0.924000 0.090000 0.114667
20 0.060000 0.937333 0.120000 0.120000
33 0.887000 0.729333 0.042000 0.040000
99 0.466000 0.253333 0.120000 0.010667
36 0.388000 0.538667 0.072000 0.133333
36 0.540000 0.598667 0.076000 0.125333
36 0.448000 0.696000 0.076000 0.106667
36 0.356000 0.646667 0.072000 0.130667
16 0.461000 0.720000 0.122000 0.261333
16 0.389000 0.488000 0.098000 0.090667
16 0.340000 0.641333 0.140000 0.226667
16 0.568000 0.613333 0.140000 0.224000
42 0.481000 0.885333 0.174000 0.229333
47 0.483000 0.078667 0.058000 0.136000
47 0.363000 0.073333 0.058000 0.136000
47 0.555000 0.078667 0.058000 0.130667
47 0.420000 0.074667 0.056000 0.133333
1 0.304000 0.721333 0.268000 0.557333
4 0.242000 0.708000 0.092000 0.162667
4 0.600000 0.834667 0.164000 0.330667
9 0.459000 0.129333 0.286000 0.258667
60 0.128000 0.968000 0.224000 0.064000
81 0.317000 0.853333 0.170000 0.293333
23 0.596000 0.749333 0.200000 0.496000
23 0.323000 0.764000 0.178000 0.472000
23 0.488000 0.796000 0.196000 0.408000