73 0.211000 0.606607 0.242000 0.180180
73 0.362000 0.549550 0.128000 0.084084
73 0.508000 0.602102 0.104000 0.201201
73 0.723000 0.615616 0.102000 0.216216
73 0.597000 0.537538 0.086000 0.084084
58 0.500000 0.204204 1.000000 0.408408
56 0.503000 0.755255 0.994000 0.489489
16 0.692000 0.648649 0.056000 0.066066
22 0.273000 0.358859 0.162000 0.303303
22 0.552000 0.295796 0.076000 0.081081
82 0.820000 0.759760 0.024000 0.090090
69 0.480000 0.771772 0.840000 0.252252
8 0.500000 0.205706 1.000000 0.411411
2 0.550000 0.382883 0.084000 0.261261
2 0.649000 0.501502 0.062000 0.114114
2 0.745000 0.496997 0.050000 0.105105
2 0.249000 0.366366 0.106000 0.324324
17 0.394000 0.423423 0.084000 0.204204
17 0.805000 0.507508 0.038000 0.072072