5 0.586000 0.310667 0.828000 0.621333
114 0.661000 0.590667 0.130000 0.136000
12 0.184000 0.156000 0.140000 0.082667
12 0.268000 0.337333 0.008000 0.013333
108 0.118000 0.772000 0.236000 0.034667
27 0.458000 0.549333 0.032000 0.042667
13 0.110000 0.390667 0.020000 0.504000
49 0.870000 0.965333 0.256000 0.064000
9 0.747000 0.438667 0.078000 0.024000
60 0.499000 0.789333 0.998000 0.405333
59 0.287000 0.958667 0.370000 0.082667
35 0.581000 0.626667 0.042000 0.069333
35 0.540000 0.632000 0.040000 0.064000
35 0.457000 0.634667 0.058000 0.090667
35 0.417000 0.630667 0.058000 0.088000
0 0.159000 0.182667 0.018000 0.024000
43 0.289000 0.308000 0.030000 0.088000