121 0.957000 0.428144 0.082000 0.125749
121 0.590000 0.311377 0.096000 0.119760
121 0.744000 0.639222 0.112000 0.140719
121 0.767000 0.185629 0.098000 0.107784
121 0.846000 0.344311 0.116000 0.077844
121 0.721000 0.306886 0.070000 0.134731
121 0.080000 0.175150 0.088000 0.116766
121 0.739000 0.640719 0.114000 0.137725
121 0.591000 0.967066 0.042000 0.059880
121 0.956000 0.431138 0.088000 0.125749
121 0.440000 0.652695 0.080000 0.131737
95 0.354000 0.793413 0.028000 0.011976
5 0.602000 0.498503 0.792000 0.997006
51 0.614000 0.684132 0.480000 0.631737
3 0.360000 0.838323 0.312000 0.323353
3 0.855000 0.898204 0.286000 0.203593
0 0.116000 0.832335 0.148000 0.335329
135 0.729000 0.281437 0.034000 0.095808
135 0.769000 0.609281 0.050000 0.080838
135 0.716000 0.667665 0.068000 0.065868
135 0.792000 0.163174 0.048000 0.068862
135 0.213000 0.488024 0.030000 0.083832
135 0.288000 0.320359 0.096000 0.059880
135 0.946000 0.428144 0.060000 0.071856