5 0.953000 0.536036 0.090000 0.111111
5 0.969000 0.088589 0.054000 0.165165
36 0.284000 0.313814 0.052000 0.069069
96 0.288000 0.297297 0.044000 0.060060
7 0.500000 0.798799 1.000000 0.402402
92 0.280000 0.274775 0.076000 0.069069
92 0.636000 0.406907 0.040000 0.045045
22 0.383000 0.330330 0.014000 0.018018
14 0.173000 0.627628 0.202000 0.354354
1 0.159000 0.527027 0.318000 0.579580
1 0.810000 0.552553 0.104000 0.342342
1 0.609000 0.561562 0.142000 0.360360
4 0.161000 0.379880 0.182000 0.225225
8 0.053000 0.069069 0.106000 0.138138
2 0.397000 0.330330 0.458000 0.660661
35 0.253000 0.834835 0.030000 0.036036