105 0.414000 0.508418 0.672000 0.740741
21 0.354000 0.545455 0.048000 0.518519
21 0.168000 0.535354 0.016000 0.336700
12 0.455000 0.675084 0.026000 0.043771
40 0.893000 0.905724 0.206000 0.087542
62 0.180000 0.102694 0.008000 0.205387
55 0.499000 0.781145 0.990000 0.430976
24 0.416000 0.838384 0.636000 0.208754
9 0.502000 0.449495 0.100000 0.063973
8 0.332000 0.170034 0.664000 0.340067
2 0.950000 0.360269 0.096000 0.303030
17 0.851000 0.335017 0.214000 0.454545
35 0.297000 0.757576 0.046000 0.235690
35 0.572000 0.819865 0.064000 0.043771
35 0.159000 0.685185 0.074000 0.164983
0 0.256000 0.281145 0.028000 0.111111
0 0.283000 0.267677 0.030000 0.111111
0 0.316000 0.252525 0.036000 0.121212
0 0.207000 0.303030 0.022000 0.094276
0 0.230000 0.291246 0.024000 0.097643
0 0.187000 0.314815 0.022000 0.090909