83 0.781000 0.681333 0.098000 0.189333
5 0.324000 0.621333 0.524000 0.277333
20 0.915000 0.816000 0.166000 0.357333
58 0.942000 0.060000 0.112000 0.109333
21 0.586000 0.674667 0.032000 0.112000
26 0.032000 0.585333 0.064000 0.125333
11 0.414000 0.817333 0.828000 0.360000
7 0.413000 0.817333 0.822000 0.360000
39 0.050000 0.389333 0.012000 0.016000
39 0.044000 0.045333 0.012000 0.021333
39 0.132000 0.048000 0.020000 0.021333
119 0.303000 0.476000 0.010000 0.018667
29 0.816000 0.909333 0.052000 0.165333
6 0.821000 0.873333 0.066000 0.232000
13 0.783000 0.496000 0.034000 0.800000
13 0.396000 0.701333 0.032000 0.570667
4 0.819000 0.813333 0.066000 0.101333
9 0.341000 0.476000 0.102000 0.040000
8 0.499000 0.321333 0.998000 0.642667
2 0.104000 0.317333 0.204000 0.634667
2 0.422000 0.388000 0.496000 0.776000
0 0.356000 0.618667 0.072000 0.074667