73 0.896000 0.512000 0.208000 0.352000
126 0.137333 0.530000 0.237333 0.296000
80 0.480000 0.323000 0.080000 0.230000
117 0.290667 0.610000 0.378667 0.632000
117 0.780000 0.576000 0.258667 0.632000
16 0.132000 0.893000 0.040000 0.046000
10 0.405333 0.328000 0.149333 0.072000
22 0.332000 0.226000 0.098667 0.144000
78 0.752000 0.436000 0.053333 0.208000
78 0.416000 0.460000 0.080000 0.184000
46 0.257333 0.855000 0.008000 0.010000
41 0.145333 0.820000 0.056000 0.204000
2 0.500000 0.743000 0.989333 0.134000
84 0.568000 0.461000 0.170667 0.838000