67 0.494000 0.542042 0.168000 0.537538
5 0.505000 0.250751 0.990000 0.501502
5 0.318000 0.340841 0.248000 0.249249
5 0.504000 0.252252 0.996000 0.504505
5 0.500000 0.247748 1.000000 0.495495
5 0.500000 0.252252 1.000000 0.504505
21 0.728000 0.426426 0.100000 0.090090
21 0.418000 0.421922 0.048000 0.093093
56 0.500000 0.755255 1.000000 0.489489
127 0.266000 0.079580 0.064000 0.135135
127 0.263000 0.084084 0.070000 0.132132
127 0.267000 0.081081 0.066000 0.132132
11 0.500000 0.752252 1.000000 0.483483
7 0.497000 0.722222 0.990000 0.519520
16 0.482000 0.381381 0.060000 0.108108
103 0.516000 0.707207 0.104000 0.195195
113 0.725000 0.310811 0.226000 0.267267
113 0.723000 0.312312 0.226000 0.270270
113 0.723000 0.313814 0.226000 0.273273
13 0.234000 0.235736 0.008000 0.459459
4 0.498000 0.513514 0.096000 0.216216
4 0.496000 0.516517 0.096000 0.228228
112 0.558000 0.764264 0.036000 0.081081
8 0.324000 0.135135 0.636000 0.270270
141 0.497000 0.513514 0.094000 0.228228
2 0.056000 0.226727 0.112000 0.411411
0 0.879000 0.114114 0.150000 0.126126
43 0.743000 0.136637 0.114000 0.099099
43 0.857000 0.316817 0.158000 0.063063