106 0.268000 0.618667 0.264000 0.480000
106 0.617000 0.549333 0.654000 0.901333
106 0.265000 0.618667 0.262000 0.480000
106 0.267000 0.614667 0.262000 0.472000
106 0.617000 0.548000 0.662000 0.904000
106 0.268000 0.617333 0.264000 0.482667
106 0.618000 0.549333 0.664000 0.901333
106 0.267000 0.617333 0.266000 0.477333
106 0.613000 0.548000 0.662000 0.904000
106 0.267000 0.620000 0.266000 0.482667
106 0.263000 0.616000 0.270000 0.480000
26 0.500000 0.478667 1.000000 0.765333
26 0.500000 0.474667 1.000000 0.757333
26 0.500000 0.470667 1.000000 0.754667
26 0.500000 0.473333 1.000000 0.760000
26 0.501000 0.465333 0.998000 0.744000
7 0.500000 0.677333 1.000000 0.645333
7 0.500000 0.698667 1.000000 0.602667
107 0.915000 0.469333 0.170000 0.314667
107 0.913000 0.468000 0.174000 0.317333
22 0.321000 0.121333 0.226000 0.242667
14 0.175000 0.738667 0.074000 0.165333
14 0.288000 0.732000 0.060000 0.104000
14 0.230000 0.765333 0.080000 0.176000
14 0.354000 0.744000 0.036000 0.176000
70 0.202000 0.528000 0.040000 0.037333
8 0.500000 0.253333 1.000000 0.506667
2 0.324000 0.217333 0.256000 0.434667
2 0.326000 0.216000 0.252000 0.432000
52 0.401000 0.420000 0.194000 0.205333
52 0.402000 0.417333 0.192000 0.194667