88 0.426000 0.401028 0.796000 0.339332
116 0.911000 0.750643 0.090000 0.169666
25 0.224000 0.329049 0.036000 0.020566
140 0.189000 0.401028 0.030000 0.071979
7 0.452000 0.780206 0.092000 0.053985
7 0.563000 0.763496 0.042000 0.051414
15 0.463000 0.584833 0.090000 0.131105
15 0.223000 0.448586 0.106000 0.167095
22 0.795000 0.930591 0.042000 0.020566
1 0.354000 0.577121 0.648000 0.845758
30 0.262000 0.341902 0.036000 0.061697
4 0.242000 0.697943 0.428000 0.588689
23 0.724000 0.206941 0.128000 0.285347
23 0.417000 0.231362 0.226000 0.452442