74 0.096000 0.855856 0.188000 0.288288
19 0.466000 0.375375 0.048000 0.078078
19 0.442000 0.262763 0.044000 0.057057
25 0.375000 0.345345 0.014000 0.024024
11 0.498000 0.498498 0.996000 0.990991
7 0.499000 0.500000 0.998000 1.000000
10 0.398000 0.406907 0.236000 0.339339
39 0.146000 0.252252 0.060000 0.072072
39 0.285000 0.620120 0.022000 0.021021
39 0.151000 0.249249 0.042000 0.060060
39 0.249000 0.346847 0.050000 0.039039
39 0.112000 0.585586 0.048000 0.072072
22 0.044000 0.546547 0.048000 0.066066
22 0.240000 0.424925 0.048000 0.051051
22 0.239000 0.220721 0.078000 0.057057
14 0.441000 0.684685 0.262000 0.210210
78 0.496000 0.441441 0.108000 0.306306
30 0.304000 0.304805 0.036000 0.051051