128 0.399000 0.420000 0.150000 0.093333
73 0.776000 0.433333 0.448000 0.450667
73 0.165000 0.441333 0.330000 0.418667
26 0.043000 0.618667 0.086000 0.064000
117 0.479000 0.562667 0.386000 0.645333
11 0.500000 0.774667 1.000000 0.450667
7 0.500000 0.776000 1.000000 0.448000
16 0.316000 0.665333 0.020000 0.072000
10 0.636000 0.302667 0.068000 0.136000
14 0.358000 0.700000 0.072000 0.312000
14 0.328000 0.662667 0.088000 0.408000
14 0.457000 0.689333 0.054000 0.386667
14 0.498000 0.702667 0.064000 0.322667
6 0.110000 0.612000 0.024000 0.045333
63 0.906000 0.968000 0.124000 0.064000
63 0.683000 0.986667 0.070000 0.026667
63 0.905000 0.966667 0.134000 0.066667
63 0.869000 0.864000 0.150000 0.138667
63 0.974000 0.900000 0.052000 0.114667
131 0.913000 0.894667 0.074000 0.050667
46 0.533000 0.348000 0.026000 0.034667
46 0.350000 0.537333 0.020000 0.029333
46 0.475000 0.506667 0.030000 0.064000
2 0.761000 0.334667 0.266000 0.669333
2 0.169000 0.172000 0.338000 0.344000
2 0.588000 0.264000 0.104000 0.528000
2 0.505000 0.172000 0.118000 0.344000
2 0.055000 0.105333 0.110000 0.210667
2 0.602000 0.221333 0.036000 0.442667
2 0.424000 0.265333 0.220000 0.530667
2 0.936000 0.144000 0.128000 0.288000
17 0.974000 0.150667 0.052000 0.301333