53 0.499000 0.409333 0.998000 0.818667
67 0.516000 0.610667 0.252000 0.778667
33 0.096000 0.501333 0.080000 0.170667
26 0.665000 0.401333 0.670000 0.269333
96 0.682000 0.300000 0.032000 0.018667
7 0.500000 0.901333 1.000000 0.197333
10 0.582000 0.621333 0.108000 0.090667
10 0.568000 0.285333 0.084000 0.128000
10 0.668000 0.297333 0.052000 0.098667
103 0.927000 0.609333 0.146000 0.226667
1 0.919000 0.509333 0.162000 0.549333
27 0.664000 0.498667 0.152000 0.506667
4 0.542000 0.462667 0.200000 0.280000
18 0.797000 0.633333 0.406000 0.242667
2 0.865000 0.254667 0.270000 0.509333
125 0.171000 0.384000 0.342000 0.304000