53 0.499000 0.576677 0.998000 0.130990
100 0.943000 0.228435 0.114000 0.060703
100 0.962000 0.450479 0.068000 0.102236
20 0.703000 0.565495 0.166000 0.249201
20 0.808000 0.571885 0.124000 0.210863
20 0.894000 0.575080 0.092000 0.172524
118 0.404000 0.544728 0.016000 0.022364
118 0.469000 0.544728 0.014000 0.022364
9 0.342000 0.325879 0.036000 0.057508
9 0.176000 0.327476 0.040000 0.054313
9 0.207000 0.560703 0.034000 0.073482
9 0.091000 0.602236 0.118000 0.079872
9 0.419000 0.439297 0.026000 0.022364
9 0.474000 0.439297 0.032000 0.022364
8 0.499000 0.285942 0.998000 0.565495
94 0.649000 0.603834 0.594000 0.383387
0 0.425000 0.485623 0.038000 0.044728