101 0.458564 0.532000 0.121547 0.064000
74 0.500000 0.484000 1.000000 0.104000
74 0.500000 0.842000 1.000000 0.252000
56 0.500000 0.500000 1.000000 1.000000
138 0.395028 0.208000 0.049724 0.036000
11 0.500000 0.531000 1.000000 0.406000
11 0.501381 0.512000 0.997238 0.976000
11 0.500000 0.979000 1.000000 0.038000
11 0.500000 0.140000 1.000000 0.260000
7 0.500000 0.500000 1.000000 1.000000
15 0.396409 0.206000 0.069061 0.040000
10 0.458564 0.531000 0.082873 0.054000
10 0.685083 0.413000 0.071823 0.066000
92 0.678177 0.401000 0.091160 0.066000
61 0.767956 0.837000 0.038674 0.014000
1 0.722376 0.613000 0.284530 0.490000
4 0.432320 0.624000 0.328729 0.152000
48 0.748619 0.839000 0.127072 0.034000
48 0.306630 0.431000 0.066298 0.034000