100 0.608000 0.237237 0.280000 0.192192
73 0.552000 0.288288 0.256000 0.180180
33 0.070000 0.512012 0.072000 0.123123
110 0.621000 0.609610 0.758000 0.780781
26 0.291000 0.671171 0.278000 0.651652
91 0.326000 0.555556 0.440000 0.834835
96 0.287000 0.288288 0.090000 0.054054
7 0.497000 0.578078 0.994000 0.843844
51 0.316000 0.105105 0.632000 0.210210
4 0.071000 0.364865 0.086000 0.129129
4 0.019000 0.390390 0.034000 0.348348
2 0.579000 0.250751 0.334000 0.219219
17 0.519000 0.258258 0.090000 0.126126
84 0.477000 0.857357 0.138000 0.285285