37 0.715569 0.090000 0.353293 0.132000
26 0.500000 0.542000 0.994012 0.116000
45 0.514970 0.429000 0.047904 0.034000
108 0.673653 0.790000 0.461078 0.344000
109 0.895210 0.539000 0.059880 0.062000
109 0.690120 0.549000 0.074850 0.074000
109 0.955090 0.544000 0.059880 0.072000
109 0.776946 0.481000 0.056886 0.042000
109 0.721557 0.479000 0.053892 0.038000
24 0.574850 0.680000 0.053892 0.020000
4 0.279940 0.474000 0.050898 0.028000
66 0.523952 0.531000 0.083832 0.058000
8 0.498503 0.132000 0.991018 0.244000
23 0.543413 0.554000 0.236527 0.288000