5 0.710000 0.500000 0.236000 0.989333
106 0.281000 0.498667 0.554000 0.986667
19 0.464000 0.074667 0.136000 0.138667
25 0.144000 0.324000 0.104000 0.130667
25 0.379000 0.285333 0.086000 0.122667
16 0.290000 0.116000 0.308000 0.232000
22 0.945000 0.169333 0.022000 0.029333
70 0.303000 0.674667 0.202000 0.069333
30 0.282000 0.544000 0.172000 0.192000
2 0.893000 0.570667 0.150000 0.704000
0 0.793000 0.840000 0.066000 0.208000
0 0.763000 0.586667 0.058000 0.170667
0 0.650000 0.226667 0.080000 0.362667
0 0.743000 0.942667 0.046000 0.098667
0 0.790000 0.864000 0.024000 0.208000
43 0.652000 0.630667 0.080000 0.258667