5 0.787000 0.403904 0.422000 0.423423
5 0.445000 0.496997 0.266000 0.309309
20 0.928000 0.620120 0.144000 0.225225
20 0.622000 0.635135 0.232000 0.195195
20 0.361000 0.609610 0.082000 0.084084
20 0.053000 0.596096 0.054000 0.075075
26 0.859000 0.591592 0.082000 0.108108
11 0.171000 0.737237 0.274000 0.189189
12 0.230000 0.415916 0.012000 0.027027
12 0.165000 0.412913 0.014000 0.039039
85 0.129000 0.411411 0.014000 0.048048
85 0.427000 0.391892 0.010000 0.039039
85 0.436000 0.397898 0.008000 0.033033
40 0.488000 0.725225 0.104000 0.039039
108 0.881000 0.849850 0.238000 0.108108
13 0.367000 0.560060 0.006000 0.021021
13 0.465000 0.450450 0.014000 0.318318
13 0.615000 0.306306 0.018000 0.474474
13 0.299000 0.563063 0.006000 0.039039
55 0.498000 0.732733 0.992000 0.522523
9 0.366000 0.524024 0.024000 0.045045
9 0.298000 0.527027 0.020000 0.039039
81 0.604000 0.046547 0.096000 0.027027
17 0.527000 0.415916 0.110000 0.207207