37 0.501000 0.087379 0.990000 0.161812
134 0.341000 0.398058 0.146000 0.258900
134 0.500000 0.496764 0.256000 0.546926
26 0.665000 0.478964 0.094000 0.485437
11 0.331000 0.490291 0.110000 0.242718
11 0.498000 0.182848 0.700000 0.145631
7 0.627000 0.543689 0.062000 0.226537
30 0.485000 0.550162 0.086000 0.097087
30 0.300000 0.352751 0.020000 0.019417
13 0.662000 0.519417 0.120000 0.559871
63 0.414000 0.859223 0.376000 0.268608
63 0.789000 0.569579 0.418000 0.841424
63 0.127000 0.831715 0.254000 0.323625
63 0.356000 0.728155 0.284000 0.297735
63 0.154000 0.367314 0.304000 0.734628
8 0.508000 0.077670 0.984000 0.148867