88 0.734000 0.608108 0.532000 0.783784
88 0.724000 0.599099 0.544000 0.795796
20 0.655000 0.554054 0.106000 0.087087
106 0.828000 0.680180 0.344000 0.393393
79 0.371000 0.546547 0.018000 0.012012
79 0.495000 0.534535 0.010000 0.006006
79 0.786000 0.436937 0.032000 0.033033
79 0.444000 0.552553 0.016000 0.012012
79 0.622000 0.635135 0.028000 0.033033
79 0.407000 0.493994 0.010000 0.009009
7 0.263000 0.758258 0.526000 0.483483
16 0.820000 0.642643 0.132000 0.126126
85 0.289000 0.433934 0.014000 0.021021
69 0.135000 0.521021 0.182000 0.099099
69 0.556000 0.578078 0.084000 0.195195
6 0.345000 0.522523 0.014000 0.042042
49 0.280000 0.777778 0.560000 0.444444
8 0.276000 0.174174 0.252000 0.348348
60 0.558000 0.578078 0.140000 0.099099
2 0.413000 0.424925 0.082000 0.159159
3 0.115000 0.540541 0.230000 0.150150