5 0.758929 0.495968 0.470238 0.991935
5 0.313988 0.818548 0.461310 0.346774
7 0.779762 0.290323 0.095238 0.129032
12 0.468750 0.856855 0.086310 0.108871
13 0.218750 0.544355 0.264881 0.879032
13 0.639881 0.231855 0.619048 0.068548
13 0.483631 0.348790 0.306548 0.068548
9 0.852679 0.927419 0.080357 0.104839
9 0.223214 0.286290 0.232143 0.298387
8 0.303571 0.342742 0.577381 0.685484
0 0.919643 0.552419 0.047619 0.306452
0 0.714286 0.625000 0.041667 0.354839
0 0.641369 0.671371 0.050595 0.342742
0 0.793155 0.584677 0.050595 0.370968
43 0.566964 0.715726 0.074405 0.375000