5 0.512000 0.721333 0.196000 0.194667
126 0.498000 0.866667 0.172000 0.138667
58 0.767000 0.360000 0.250000 0.229333
26 0.460000 0.938667 0.920000 0.122667
117 0.514000 0.620000 0.536000 0.760000
7 0.850000 0.617333 0.208000 0.205333
7 0.814000 0.413333 0.004000 0.021333
10 0.439000 0.458667 0.386000 0.432000
146 0.460000 0.601333 0.920000 0.797333
78 0.659000 0.797333 0.218000 0.389333
131 0.243000 0.378667 0.054000 0.037333
8 0.500000 0.294667 1.000000 0.589333
46 0.601000 0.669333 0.018000 0.021333
46 0.648000 0.657333 0.056000 0.114667
46 0.674000 0.881333 0.064000 0.136000
46 0.720000 0.830667 0.040000 0.098667
46 0.623000 0.602667 0.050000 0.085333
2 0.720000 0.670667 0.120000 0.312000
2 0.163000 0.490667 0.046000 0.090667
2 0.256000 0.484000 0.020000 0.061333
2 0.094000 0.436000 0.024000 0.082667
2 0.179000 0.421333 0.026000 0.069333
17 0.026000 0.357333 0.028000 0.069333
17 0.112000 0.621333 0.104000 0.154667