53 0.500000 0.198667 1.000000 0.397333
88 0.926000 0.362667 0.116000 0.117333
5 0.928000 0.337333 0.144000 0.098667
37 0.644000 0.090667 0.240000 0.181333
74 0.500000 0.710667 1.000000 0.578667
19 0.809000 0.450667 0.050000 0.112000
110 0.851000 0.549333 0.298000 0.362667
11 0.074000 0.964000 0.148000 0.072000
7 0.500000 0.709333 1.000000 0.586667
10 0.767000 0.498667 0.134000 0.261333
22 0.631000 0.688000 0.026000 0.042667
22 0.781000 0.530667 0.014000 0.010667
22 0.810000 0.093333 0.012000 0.010667
70 0.773000 0.510667 0.030000 0.029333
27 0.828000 0.369333 0.012000 0.024000
63 0.496000 0.609333 0.016000 0.018667
51 0.930000 0.309333 0.144000 0.037333
148 0.418000 0.653333 0.156000 0.101333
24 0.263000 0.482667 0.526000 0.096000
24 0.536000 0.810667 0.928000 0.384000
8 0.762000 0.105333 0.476000 0.210667
2 0.697000 0.336000 0.214000 0.672000
17 0.402000 0.226667 0.416000 0.453333
84 0.750000 0.541333 0.048000 0.176000