38 0.536000 0.825826 0.128000 0.276276
128 0.599000 0.369369 0.430000 0.114114
73 0.290000 0.633634 0.292000 0.174174
126 0.237000 0.774775 0.386000 0.156156
110 0.540000 0.642643 0.696000 0.642643
79 0.305000 0.624625 0.254000 0.150150
7 0.505000 0.806306 0.990000 0.369369
14 0.470000 0.765766 0.092000 0.300300
14 0.842000 0.756757 0.080000 0.258258
1 0.561000 0.753754 0.182000 0.492492
29 0.594000 0.312312 0.072000 0.114114
27 0.571000 0.250751 0.374000 0.291291
24 0.553000 0.935435 0.662000 0.063063
4 0.589000 0.214715 0.110000 0.099099
84 0.261000 0.445946 0.138000 0.219219
23 0.589000 0.255255 0.102000 0.300300
23 0.596000 0.255255 0.140000 0.354354