5 0.811000 0.138667 0.318000 0.277333
25 0.372000 0.345333 0.108000 0.077333
25 0.538000 0.305333 0.068000 0.072000
16 0.303000 0.216000 0.426000 0.432000
16 0.822000 0.408000 0.088000 0.101333
142 0.762000 0.796000 0.260000 0.413333
1 0.448000 0.497333 0.876000 0.989333
13 0.073000 0.453333 0.022000 0.320000
90 0.800000 0.489333 0.396000 0.776000
4 0.217000 0.756000 0.434000 0.472000
141 0.159000 0.890667 0.294000 0.165333
23 0.843000 0.641333 0.154000 0.578667
137 0.774000 0.168000 0.020000 0.026667