100 0.210000 0.548048 0.420000 0.879880
37 0.544000 0.716216 0.524000 0.471471
39 0.827000 0.807808 0.030000 0.054054
39 0.845000 0.798799 0.026000 0.048048
22 0.407000 0.960961 0.234000 0.060060
22 0.409000 0.954955 0.234000 0.084084
22 0.630000 0.851351 0.076000 0.075075
40 0.588000 0.959459 0.336000 0.075075
30 0.512000 0.261261 0.024000 0.018018
69 0.513000 0.288288 0.022000 0.060060
2 0.165000 0.551051 0.330000 0.891892
2 0.799000 0.503003 0.390000 0.993994
35 0.493000 0.355856 0.010000 0.015015
135 0.565000 0.327327 0.082000 0.042042
135 0.465000 0.333333 0.078000 0.042042