5 0.539275 0.374000 0.915408 0.748000
58 0.169184 0.187000 0.338369 0.186000
21 0.616314 0.529000 0.169184 0.318000
7 0.498489 0.796000 0.996979 0.400000
107 0.217523 0.452000 0.253776 0.296000
107 0.418429 0.326000 0.250755 0.588000
107 0.764350 0.371000 0.465257 0.742000
13 0.827795 0.194000 0.048338 0.388000
51 0.474320 0.377000 0.483384 0.130000
51 0.406344 0.124000 0.232628 0.184000
51 0.258308 0.356000 0.178248 0.116000
9 0.276435 0.373000 0.063444 0.090000
72 0.385196 0.071000 0.063444 0.042000
72 0.616314 0.789000 0.767372 0.090000
72 0.087613 0.708000 0.175227 0.136000
43 0.569486 0.510000 0.057402 0.184000