7 0.887701 0.469000 0.037433 0.026000
16 0.580214 0.188000 0.320856 0.192000
142 0.401070 0.444000 0.069519 0.048000
10 0.604278 0.226000 0.278075 0.224000
29 0.598930 0.588000 0.379679 0.156000
13 0.240642 0.475000 0.449198 0.074000
148 0.370321 0.495000 0.131016 0.038000
148 0.898396 0.578000 0.149733 0.044000
148 0.907754 0.497000 0.157754 0.050000
24 0.367647 0.727000 0.729947 0.202000
28 0.254011 0.411000 0.133690 0.070000
28 0.159091 0.425000 0.141711 0.078000
28 0.335561 0.421000 0.131016 0.070000
104 0.135027 0.641000 0.270053 0.074000