73 0.092000 0.538667 0.184000 0.208000
64 0.618000 0.758667 0.032000 0.066667
64 0.411000 0.761333 0.050000 0.040000
96 0.453000 0.418667 0.030000 0.016000
11 0.500000 0.781333 1.000000 0.432000
7 0.500000 0.782667 1.000000 0.434667
16 0.468000 0.420000 0.036000 0.061333
10 0.461000 0.422667 0.050000 0.066667
22 0.500000 0.213333 1.000000 0.426667
14 0.555000 0.678667 0.094000 0.130667
14 0.442000 0.673333 0.076000 0.125333
1 0.484000 0.593333 0.300000 0.402667
1 0.902000 0.549333 0.040000 0.133333
1 0.082000 0.541333 0.032000 0.085333
1 0.143000 0.528000 0.030000 0.058667
29 0.515000 0.678667 0.214000 0.173333
6 0.109000 0.550667 0.042000 0.082667
13 0.325000 0.524000 0.038000 0.306667
24 0.419000 0.730667 0.838000 0.154667
4 0.454000 0.525333 0.144000 0.149333
48 0.412000 0.764000 0.052000 0.040000
48 0.620000 0.760000 0.032000 0.069333
66 0.902000 0.552000 0.024000 0.048000
2 0.633000 0.312000 0.734000 0.624000