68 0.324675 0.648000 0.259740 0.344000
5 0.851948 0.412000 0.290909 0.824000
16 0.112987 0.160000 0.163636 0.068000
15 0.653247 0.499000 0.158442 0.090000
42 0.493506 0.562000 0.415584 0.416000
42 0.088312 0.399000 0.166234 0.286000
103 0.501299 0.904000 0.389610 0.188000
61 0.400000 0.841000 0.062338 0.046000
1 0.136364 0.565000 0.267532 0.866000
30 0.158442 0.226000 0.088312 0.052000
29 0.487013 0.905000 0.361039 0.186000
111 0.770130 0.457000 0.189610 0.134000
4 0.529870 0.571000 0.207792 0.270000
112 0.237662 0.845000 0.251948 0.074000
49 0.846753 0.907000 0.259740 0.178000
49 0.250649 0.924000 0.210390 0.124000
52 0.522078 0.296000 0.945455 0.492000
3 0.823377 0.421000 0.342857 0.806000
3 0.905195 0.647000 0.132468 0.370000
23 0.516883 0.550000 0.550649 0.896000