74 0.210000 0.761644 0.364000 0.454795
74 0.709000 0.828767 0.054000 0.073973
74 0.498000 0.776712 0.980000 0.402740
19 0.269000 0.421918 0.086000 0.054795
25 0.288000 0.501370 0.036000 0.038356
26 0.184000 0.850685 0.368000 0.282192
26 0.668000 0.269863 0.660000 0.528767
11 0.413000 0.539726 0.110000 0.027397
11 0.409000 0.850685 0.126000 0.046575
7 0.526000 0.639726 0.940000 0.621918
7 0.529000 0.876712 0.926000 0.175342
7 0.341000 0.775342 0.662000 0.438356
7 0.309000 0.705479 0.114000 0.145205
7 0.497000 0.720548 0.978000 0.531507
7 0.322000 0.795890 0.164000 0.221918
16 0.789000 0.561644 0.070000 0.136986
16 0.377000 0.383562 0.222000 0.158904
14 0.766000 0.732877 0.156000 0.298630
14 0.544000 0.720548 0.116000 0.334247
14 0.442000 0.719178 0.104000 0.265753
78 0.389000 0.436986 0.126000 0.216438
78 0.539000 0.478082 0.594000 0.309589
148 0.927000 0.757534 0.134000 0.463014
46 0.472000 0.646575 0.028000 0.032877
59 0.738000 0.542466 0.100000 0.060274
59 0.525000 0.619178 0.034000 0.021918
59 0.756000 0.612329 0.044000 0.035616
59 0.743000 0.573973 0.086000 0.052055
59 0.505000 0.575342 0.050000 0.027397
141 0.375000 0.453425 0.114000 0.106849
41 0.798000 0.502740 0.056000 0.287671
81 0.137000 0.861644 0.186000 0.227397
137 0.535000 0.595890 0.682000 0.589041