20 0.614000 0.558667 0.352000 0.232000
26 0.027000 0.525333 0.054000 0.357333
26 0.219000 0.514667 0.346000 0.384000
26 0.594000 0.512000 0.396000 0.394667
11 0.500000 0.821333 0.992000 0.346667
114 0.302000 0.544000 0.196000 0.362667
107 0.262000 0.245333 0.524000 0.426667
42 0.809000 0.478667 0.090000 0.114667
1 0.809000 0.541333 0.090000 0.336000
13 0.046000 0.526667 0.016000 0.354667
62 0.608000 0.550667 0.084000 0.898667
63 0.884000 0.618667 0.232000 0.357333
41 0.218000 0.596000 0.028000 0.157333
2 0.228000 0.246667 0.244000 0.392000
2 0.199000 0.260000 0.114000 0.520000
17 0.066000 0.258667 0.076000 0.490667