95 0.335277 0.684000 0.116618 0.040000
21 0.813411 0.470000 0.285714 0.216000
64 0.501458 0.769000 0.139942 0.050000
7 0.497085 0.761000 0.918367 0.426000
15 0.307580 0.291000 0.049563 0.050000
45 0.470845 0.378000 0.055394 0.028000
82 0.395044 0.650000 0.189504 0.196000
119 0.546647 0.363000 0.125364 0.022000
1 0.367347 0.509000 0.402332 0.570000
1 0.457726 0.511000 0.151603 0.294000
27 0.900875 0.500000 0.052478 0.140000
4 0.153061 0.450000 0.119534 0.092000
4 0.450437 0.464000 0.131195 0.120000
48 0.504373 0.770000 0.134111 0.060000
66 0.444606 0.548000 0.072886 0.052000
49 0.500000 0.564000 0.906706 0.092000
9 0.822157 0.341000 0.239067 0.038000
2 0.482507 0.277000 0.306122 0.490000
43 0.774052 0.116000 0.125364 0.156000
23 0.615160 0.536000 0.081633 0.140000