74 0.498498 0.966000 0.990991 0.060000
26 0.496997 0.775000 0.993994 0.294000
117 0.576577 0.780000 0.582583 0.416000
117 0.423423 0.553000 0.378378 0.874000
11 0.500000 0.920000 1.000000 0.080000
7 0.500000 0.970000 1.000000 0.060000
7 0.944444 0.216000 0.045045 0.040000
22 0.720721 0.138000 0.246246 0.216000
22 0.821321 0.404000 0.303303 0.352000
2 0.539039 0.340000 0.921922 0.680000
3 0.498498 0.859000 0.996997 0.138000
3 0.493994 0.709000 0.987988 0.162000
3 0.310811 0.314000 0.615616 0.560000