67 0.693694 0.590000 0.144144 0.224000
20 0.720721 0.467000 0.174174 0.082000
74 0.463964 0.834000 0.627628 0.264000
74 0.858859 0.688000 0.024024 0.008000
74 0.932432 0.724000 0.015015 0.008000
74 0.385886 0.606000 0.033033 0.052000
74 0.358859 0.697000 0.039039 0.046000
74 0.912913 0.722000 0.018018 0.012000
74 0.827327 0.668000 0.027027 0.012000
74 0.948949 0.741000 0.030030 0.006000
7 0.498498 0.701000 0.996997 0.586000
15 0.638138 0.593000 0.015015 0.014000
14 0.677177 0.642000 0.039039 0.064000
14 0.708709 0.651000 0.036036 0.066000
85 0.160661 0.212000 0.045045 0.044000
40 0.384384 0.680000 0.066066 0.260000
61 0.635135 0.646000 0.045045 0.116000
29 0.695195 0.638000 0.069069 0.096000
62 0.325826 0.419000 0.009009 0.130000
55 0.597598 0.707000 0.804805 0.586000
24 0.843844 0.673000 0.246246 0.066000
4 0.702703 0.559000 0.120120 0.102000
9 0.810811 0.379000 0.042042 0.022000
9 0.328829 0.373000 0.033033 0.022000
60 0.498498 0.705000 0.996997 0.586000
3 0.666667 0.358000 0.090090 0.132000
3 0.881381 0.376000 0.231231 0.248000
3 0.513514 0.206000 0.204204 0.056000
3 0.192192 0.418000 0.366366 0.616000