101 0.403000 0.583630 0.026000 0.028470
127 0.300000 0.658363 0.036000 0.099644
127 0.329000 0.672598 0.034000 0.113879
64 0.632000 0.724199 0.012000 0.039146
64 0.669000 0.727758 0.014000 0.039146
7 0.500000 0.741993 1.000000 0.516014
15 0.419000 0.708185 0.026000 0.028470
29 0.441000 0.763345 0.054000 0.145907
13 0.197000 0.517794 0.014000 0.352313
9 0.173000 0.444840 0.046000 0.056940
9 0.223000 0.400356 0.054000 0.039146
8 0.549000 0.250890 0.898000 0.501779
72 0.500000 0.281139 1.000000 0.562278
72 0.500000 0.745552 1.000000 0.508897
2 0.966000 0.371886 0.052000 0.266904
2 0.822000 0.281139 0.064000 0.441281
2 0.545000 0.297153 0.082000 0.480427
2 0.276000 0.306050 0.060000 0.441281
17 0.169000 0.268683 0.334000 0.537367