86 0.397333 0.356000 0.192000 0.128000
31 0.108000 0.932000 0.216000 0.132000
31 0.497333 0.105000 0.120000 0.110000
31 0.249333 0.338000 0.200000 0.156000
31 0.632000 0.163000 0.197333 0.146000
31 0.177333 0.736000 0.354667 0.324000
7 0.929333 0.183000 0.066667 0.034000
78 0.538667 0.502000 0.218667 0.188000
78 0.398667 0.244000 0.152000 0.068000
30 0.338667 0.449000 0.069333 0.038000
41 0.445333 0.133000 0.064000 0.026000
50 0.698667 0.082000 0.176000 0.104000
50 0.829333 0.891000 0.352000 0.214000
3 0.422667 0.030000 0.077333 0.060000
3 0.200000 0.039000 0.400000 0.078000
3 0.208000 0.150000 0.096000 0.040000
3 0.050667 0.333000 0.085333 0.110000