5 0.672030 -0.172000 1.344059 -0.344000
73 0.111386 0.955000 0.222772 0.094000
97 0.410891 0.618000 0.168317 0.136000
6 0.194307 0.466000 0.022277 0.020000
6 0.875000 0.484000 0.042079 0.032000
51 0.518564 0.209000 0.745050 0.418000
8 0.500000 0.468000 1.000000 0.916000
0 0.219059 0.882000 0.027228 0.064000
0 0.612624 0.903000 0.022277 0.066000
0 0.513614 0.885000 0.022277 0.054000
0 0.418317 0.888000 0.019802 0.056000
0 0.321782 0.877000 0.019802 0.054000
0 0.705446 0.892000 0.024752 0.044000
104 0.793317 0.657000 0.116337 0.074000