58 0.396000 0.156156 0.792000 0.312312
58 0.500000 0.795796 1.000000 0.408408
58 0.755000 0.540541 0.482000 0.426426
21 0.232000 0.444444 0.032000 0.084084
21 0.754000 0.599099 0.016000 0.063063
127 0.731000 0.596096 0.010000 0.015015
61 0.325000 0.442943 0.150000 0.057057
61 0.826000 0.487988 0.040000 0.087087
30 0.111000 0.475976 0.050000 0.063063
41 0.827000 0.525526 0.338000 0.294294
76 0.563000 0.663664 0.046000 0.054054
76 0.440000 0.714715 0.044000 0.054054
0 0.388000 0.477477 0.012000 0.018018
0 0.284000 0.450450 0.008000 0.018018
0 0.336000 0.462462 0.012000 0.018018
0 0.302000 0.454955 0.012000 0.015015
0 0.423000 0.486486 0.010000 0.018018
0 0.439000 0.492492 0.010000 0.018018