5 0.500000 0.498498 1.000000 0.792793
20 0.069000 0.726727 0.030000 0.060060
20 0.013000 0.720721 0.026000 0.048048
20 0.964000 0.758258 0.068000 0.039039
97 0.473000 0.345345 0.062000 0.084084
21 0.588000 0.746246 0.136000 0.249249
21 0.359000 0.741742 0.090000 0.222222
122 0.356000 0.743243 0.092000 0.225225
24 0.934000 0.848348 0.132000 0.093093
49 0.499000 0.927928 0.998000 0.144144
3 0.167000 0.393393 0.146000 0.366366
3 0.768000 0.364865 0.232000 0.405405
0 0.481000 0.310811 0.338000 0.183183