20 0.337000 0.630631 0.270000 0.600601
21 0.370000 0.741742 0.076000 0.300300
7 0.678000 0.513514 0.064000 0.126126
7 0.800000 0.331832 0.064000 0.111111
7 0.492000 0.918919 0.960000 0.138138
1 0.150000 0.468468 0.264000 0.936937
29 0.160000 0.671171 0.132000 0.537538
71 0.380000 0.807808 0.028000 0.072072
8 0.499000 0.321321 0.998000 0.642643
72 0.561000 0.908408 0.858000 0.171171
72 0.719000 0.711712 0.530000 0.390390
72 0.789000 0.912913 0.078000 0.090090
2 0.771000 0.812312 0.110000 0.261261
17 0.440000 0.725225 0.088000 0.249249