33 0.092000 0.837000 0.184000 0.274000
116 0.718667 0.597000 0.093333 0.054000
116 0.868000 0.370000 0.072000 0.064000
25 0.198667 0.453000 0.050667 0.026000
31 0.500000 0.819000 1.000000 0.358000
79 0.286667 0.208000 0.130667 0.152000
80 0.356000 0.592000 0.114667 0.040000
7 0.786667 0.284000 0.090667 0.064000
16 0.225333 0.394000 0.285333 0.192000
70 0.288000 0.943000 0.250667 0.090000
34 0.358667 0.602000 0.168000 0.048000
34 0.570667 0.642000 0.165333 0.048000
18 0.533333 0.724000 0.757333 0.312000
50 0.286667 0.939000 0.344000 0.114000
149 0.282667 0.265000 0.064000 0.090000