38 0.651000 0.201201 0.046000 0.192192
38 0.589000 0.282282 0.126000 0.132132
101 0.537000 0.096096 0.110000 0.096096
74 0.499000 0.524024 0.998000 0.189189
19 0.569000 0.142643 0.022000 0.045045
11 0.499000 0.765766 0.998000 0.318318
11 0.500000 0.729730 0.988000 0.234234
11 0.500000 0.252252 1.000000 0.366366
15 0.679000 0.076577 0.062000 0.075075
14 0.714000 0.719219 0.240000 0.249249
14 0.534000 0.702703 0.212000 0.384384
1 0.634000 0.519520 0.520000 0.948949
30 0.517000 0.139640 0.022000 0.039039
4 0.592000 0.351351 0.176000 0.342342
48 0.862000 0.827327 0.064000 0.105105
48 0.432000 0.944444 0.112000 0.099099
59 0.517000 0.621622 0.050000 0.096096
141 0.457000 0.818318 0.038000 0.075075