53 0.402000 0.218667 0.804000 0.437333
73 0.320000 0.370667 0.156000 0.202667
19 0.278000 0.617333 0.104000 0.173333
110 0.309000 0.709333 0.342000 0.357333
110 0.573000 0.586667 0.338000 0.373333
110 0.735000 0.654667 0.458000 0.434667
110 0.453000 0.728000 0.190000 0.229333
25 0.491000 0.512000 0.018000 0.016000
11 0.541000 0.904000 0.170000 0.090667
10 0.483000 0.505333 0.158000 0.200000
70 0.469000 0.573333 0.054000 0.064000
8 0.076000 0.126667 0.124000 0.146667
2 0.235000 0.278667 0.098000 0.322667
84 0.164000 0.765333 0.052000 0.192000