67 0.498503 0.568000 0.571856 0.664000
67 0.260479 0.307000 0.383234 0.338000
26 0.715569 0.211000 0.562874 0.398000
7 0.501497 0.665000 0.991018 0.654000
16 0.682635 0.291000 0.203593 0.098000
15 0.598802 0.600000 0.089820 0.052000
15 0.651198 0.631000 0.068862 0.058000
45 0.405689 0.156000 0.092814 0.036000
40 0.500000 0.797000 1.000000 0.066000
24 0.170659 0.438000 0.329341 0.068000
24 0.558383 0.824000 0.434132 0.092000
24 0.272455 0.769000 0.544910 0.214000
4 0.562874 0.452000 0.407186 0.248000
48 0.258982 0.825000 0.086826 0.058000
48 0.622754 0.868000 0.161677 0.056000
66 0.485030 0.611000 0.317365 0.146000
66 0.311377 0.338000 0.221557 0.068000