101 0.265000 0.113187 0.090000 0.072527
101 0.795000 0.218681 0.070000 0.063736
138 0.386000 0.352747 0.080000 0.063736
7 0.499000 0.573626 0.998000 0.852747
45 0.087000 0.146154 0.038000 0.028571
1 0.299000 0.484615 0.494000 0.810989
29 0.375000 0.614286 0.290000 0.402198
29 0.833000 0.514286 0.150000 0.250549
6 0.098000 0.301099 0.108000 0.338462
24 0.457000 0.809890 0.534000 0.178022
4 0.852000 0.325275 0.216000 0.175824
72 0.501000 0.562637 0.998000 0.870330
17 0.372000 0.120879 0.372000 0.232967