26 0.128000 0.499000 0.256000 0.266000
26 0.705333 0.512000 0.392000 0.340000
56 0.497333 0.425000 0.994667 0.474000
117 0.744000 0.547000 0.144000 0.290000
117 0.485333 0.514000 0.106667 0.116000
117 0.486667 0.469000 0.589333 0.674000
11 0.124000 0.882000 0.248000 0.224000
11 0.169333 0.551000 0.136000 0.082000
7 0.204000 0.819000 0.408000 0.358000
7 0.868000 0.872000 0.253333 0.248000
7 0.350667 0.524000 0.285333 0.156000
10 0.738667 0.191000 0.064000 0.122000
22 0.844000 0.447000 0.189333 0.370000
22 0.198667 0.330000 0.109333 0.052000
14 0.838667 0.628000 0.024000 0.084000
14 0.329333 0.636000 0.098667 0.300000
14 0.525333 0.515000 0.010667 0.082000
14 0.460000 0.521000 0.024000 0.066000
14 0.440000 0.528000 0.016000 0.068000
41 0.265333 0.486000 0.034667 0.188000
41 0.686667 0.514000 0.018667 0.092000
2 0.866667 0.386000 0.240000 0.356000
2 0.206667 0.358000 0.104000 0.200000
17 0.040000 0.367000 0.074667 0.194000