88 0.543000 0.707207 0.022000 0.039039
5 0.097000 0.609610 0.182000 0.216216
5 0.148000 0.493994 0.176000 0.081081
20 0.044000 0.690691 0.088000 0.072072
58 0.554000 0.204204 0.892000 0.408408
21 0.083000 0.668168 0.030000 0.075075
11 0.926000 0.647147 0.152000 0.129129
146 0.917000 0.648649 0.166000 0.144144
146 0.502000 0.348348 0.996000 0.522523
85 0.942000 0.576577 0.116000 0.174174
6 0.157000 0.686186 0.022000 0.069069
13 0.532000 0.627628 0.016000 0.204204
9 0.529000 0.623123 0.018000 0.015015
8 0.547000 0.210210 0.906000 0.408408
94 0.454000 0.681682 0.044000 0.066066
17 0.035000 0.363363 0.070000 0.126126
17 0.205000 0.429429 0.130000 0.126126