83 0.164000 0.728477 0.112000 0.211921
20 0.591000 0.758278 0.086000 0.099338
21 0.770000 0.599338 0.032000 0.152318
7 0.891000 0.579470 0.050000 0.165563
30 0.908000 0.645695 0.064000 0.139073
41 0.132000 0.307947 0.160000 0.523179
41 0.127000 0.304636 0.174000 0.370861
17 0.513000 0.139073 0.386000 0.158940
35 0.577000 0.774834 0.030000 0.105960
43 0.732000 0.566225 0.016000 0.046358
43 0.683000 0.569536 0.014000 0.039735
43 0.590000 0.566225 0.016000 0.046358
135 0.514000 0.615894 0.100000 0.225166