88 0.922000 0.904192 0.152000 0.059880
5 0.506000 0.214072 0.352000 0.374251
73 0.906000 0.968563 0.064000 0.056886
130 0.527000 0.646707 0.210000 0.281437
21 0.980000 0.333832 0.036000 0.164671
36 0.499000 0.416168 0.090000 0.155689
26 0.724000 0.592814 0.088000 0.371257
96 0.482000 0.399701 0.048000 0.020958
7 0.092000 0.905689 0.076000 0.062874
142 0.515000 0.848802 0.030000 0.038922
107 0.749000 0.197605 0.186000 0.383234
103 0.488000 0.934132 0.100000 0.101796
22 0.175000 0.601796 0.058000 0.161677
17 0.139000 0.360778 0.274000 0.667665