68 0.574000 0.490667 0.048000 0.080000
126 0.711000 0.384000 0.574000 0.613333
20 0.070000 0.500000 0.056000 0.040000
26 0.173000 0.501333 0.342000 0.058667
7 0.501000 0.746667 0.990000 0.496000
45 0.565000 0.416000 0.026000 0.026667
42 0.580000 0.490667 0.052000 0.101333
85 0.367000 0.398667 0.022000 0.024000
108 0.097000 0.552000 0.154000 0.101333
6 0.362000 0.488000 0.020000 0.016000
6 0.579000 0.522667 0.058000 0.240000
55 0.188000 0.657333 0.376000 0.338667
24 0.636000 0.652000 0.096000 0.034667
49 0.499000 0.796000 0.986000 0.397333
9 0.522000 0.510667 0.648000 0.978667
17 0.022000 0.454667 0.044000 0.152000