101 0.195000 0.118976 0.094000 0.123494
20 0.837000 0.260542 0.318000 0.382530
45 0.793000 0.085843 0.118000 0.075301
40 0.937000 0.718373 0.118000 0.105422
40 0.451000 0.569277 0.178000 0.108434
6 0.216000 0.295181 0.164000 0.415663
55 0.575000 0.947289 0.406000 0.063253
55 0.397000 0.588855 0.058000 0.563253
66 0.617000 0.411145 0.170000 0.286145
66 0.070000 0.441265 0.120000 0.250000
49 0.551000 0.201807 0.094000 0.054217
60 0.499000 0.638554 0.998000 0.710843
0 0.518000 0.072289 0.316000 0.126506