5 0.500000 0.606000 1.000000 0.124000
105 0.525000 0.716000 0.175000 0.112000
105 0.336250 0.716000 0.357500 0.116000
20 0.770000 0.753000 0.150000 0.050000
20 0.846250 0.752000 0.177500 0.052000
20 0.255000 0.737000 0.215000 0.070000
20 0.085000 0.735000 0.170000 0.070000
20 0.643750 0.740000 0.172500 0.072000
11 0.498750 0.876000 0.992500 0.228000
113 0.583750 0.285000 0.397500 0.290000
12 0.280000 0.483000 0.035000 0.014000
12 0.443750 0.482000 0.037500 0.016000
1 0.527500 0.817000 0.070000 0.106000
13 0.361250 0.595000 0.007500 0.134000
13 0.825000 0.542000 0.010000 0.088000
8 0.497500 0.236000 0.995000 0.472000
2 0.548750 0.548000 0.192500 0.256000
17 0.963750 0.657000 0.072500 0.162000