53 0.499000 0.504000 0.998000 0.986667
5 0.822000 0.621333 0.348000 0.245333
5 0.376000 0.653333 0.024000 0.037333
5 0.163000 0.573333 0.326000 0.314667
126 0.086000 0.652000 0.172000 0.141333
37 0.400000 0.394667 0.276000 0.218667
37 0.604000 0.176000 0.420000 0.160000
37 0.235000 0.098667 0.230000 0.160000
37 0.878000 0.388000 0.200000 0.232000
37 0.886000 0.104000 0.220000 0.192000
26 0.164000 0.714667 0.328000 0.048000
26 0.499000 0.920000 0.998000 0.154667
7 0.859000 0.333333 0.054000 0.085333
12 0.578000 0.314667 0.024000 0.016000
12 0.704000 0.642667 0.016000 0.016000
40 0.625000 0.781333 0.210000 0.064000
40 0.863000 0.865333 0.246000 0.130667
1 0.801000 0.734667 0.030000 0.093333
4 0.798000 0.713333 0.024000 0.034667
49 0.504000 0.853333 0.984000 0.261333
9 0.346000 0.722667 0.044000 0.032000
9 0.582000 0.686667 0.024000 0.045333
9 0.508000 0.700000 0.016000 0.040000
9 0.342000 0.677333 0.020000 0.032000
9 0.442000 0.681333 0.016000 0.040000
8 0.423000 0.312000 0.334000 0.234667
8 0.812000 0.117333 0.196000 0.096000
8 0.115000 0.124000 0.230000 0.242667
3 0.232000 0.600000 0.180000 0.224000
0 0.245000 0.545333 0.034000 0.034667