5 0.500000 0.426426 0.992000 0.462462
101 0.080000 0.521021 0.020000 0.015015
21 0.189000 0.542042 0.134000 0.165165
21 0.925000 0.515015 0.074000 0.249249
14 0.355000 0.632132 0.058000 0.039039
14 0.579000 0.566066 0.398000 0.471471
14 0.333000 0.564565 0.154000 0.168168
85 0.770000 0.668168 0.060000 0.045045
40 0.845000 0.956456 0.250000 0.081081
1 0.074000 0.609610 0.036000 0.192192
1 0.182000 0.612613 0.036000 0.168168
1 0.144000 0.617117 0.048000 0.177177
1 0.167000 0.605105 0.022000 0.159159
75 0.704000 0.457958 0.020000 0.075075
75 0.952000 0.444444 0.020000 0.078078
75 0.647000 0.466967 0.014000 0.057057
51 0.703000 0.288288 0.590000 0.192192
51 0.246000 0.378378 0.492000 0.168168
2 0.712000 0.196697 0.096000 0.111111
125 0.764000 0.587087 0.464000 0.615616
125 0.336000 0.567568 0.152000 0.162162
125 0.460000 0.567568 0.196000 0.294294