139 0.204545 0.220000 0.173797 0.188000
19 0.524064 0.473000 0.064171 0.050000
19 0.199198 0.520000 0.061497 0.088000
19 0.808824 0.701000 0.093583 0.050000
19 0.676471 0.637000 0.074866 0.062000
19 0.402406 0.491000 0.093583 0.054000
25 0.733957 0.749000 0.040107 0.026000
25 0.665775 0.717000 0.032086 0.026000
25 0.441176 0.548000 0.048128 0.024000
147 0.517380 0.538000 0.034759 0.024000
36 0.132353 0.591000 0.168449 0.074000
10 0.735294 0.699000 0.240642 0.186000
14 0.445187 0.698000 0.061497 0.092000
14 0.540107 0.709000 0.112299 0.106000
70 0.671123 0.779000 0.042781 0.022000
70 0.487968 0.598000 0.024064 0.016000
93 0.700535 0.209000 0.593583 0.362000
93 0.272727 0.189000 0.545455 0.378000