53 0.179000 0.249245 0.334000 0.311178
20 0.441000 0.531722 0.770000 0.851964
20 0.922000 0.962236 0.152000 0.069486
118 0.392000 0.539275 0.160000 0.184290
118 0.379000 0.506042 0.094000 0.105740
12 0.201000 0.451662 0.018000 0.015106
12 0.151000 0.441088 0.014000 0.012085
12 0.115000 0.429003 0.006000 0.012085
75 0.709000 0.277946 0.078000 0.078550
27 0.016000 0.259819 0.032000 0.078550
6 0.123000 0.271903 0.042000 0.120846
6 0.050000 0.306647 0.032000 0.093656
6 0.077000 0.294562 0.034000 0.105740
13 0.833000 0.364048 0.114000 0.728097
24 0.319000 0.867069 0.282000 0.163142
9 0.941000 0.148036 0.114000 0.126888
9 0.136000 0.051360 0.272000 0.102719
125 0.458000 0.528701 0.792000 0.845921
3 0.903000 0.228097 0.182000 0.262840