26 0.344000 0.630667 0.688000 0.408000
117 0.558000 0.445333 0.224000 0.581333
11 0.500000 0.812000 1.000000 0.365333
10 0.748000 0.481333 0.028000 0.029333
10 0.474000 0.194667 0.052000 0.074667
62 0.309000 0.608000 0.034000 0.357333
41 0.658000 0.560000 0.028000 0.192000
2 0.625000 0.174667 0.062000 0.322667
2 0.899000 0.317333 0.194000 0.618667
2 0.173000 0.164000 0.346000 0.328000
2 0.420000 0.105333 0.240000 0.210667
2 0.386000 0.538667 0.124000 0.266667
84 0.914000 0.289333 0.132000 0.178667
84 0.231000 0.186667 0.070000 0.277333