38 0.497015 0.694000 0.158209 0.040000
5 0.500000 0.498000 1.000000 0.996000
97 0.413433 0.686000 0.397015 0.268000
97 0.413433 0.680000 0.402985 0.276000
99 0.556716 0.707000 0.032836 0.010000
99 0.204478 0.806000 0.026866 0.020000
99 0.416418 0.672000 0.438806 0.320000
36 0.404478 0.678000 0.355224 0.252000
142 0.413433 0.633000 0.032836 0.078000
142 0.495522 0.692000 0.161194 0.040000
142 0.488060 0.653000 0.176119 0.118000
65 0.410448 0.773000 0.032836 0.038000
65 0.402985 0.587000 0.053731 0.038000
69 0.111940 0.584000 0.050746 0.200000
9 0.489552 0.525000 0.859701 0.778000
9 0.364179 0.526000 0.614925 0.784000
9 0.404478 0.401000 0.426866 0.286000
60 0.410448 0.459000 0.253731 0.066000
3 0.958209 0.343000 0.077612 0.142000
3 0.398507 0.340000 0.253731 0.096000
3 0.495522 0.500000 0.991045 0.992000
0 0.104478 0.504000 0.059701 0.380000
0 0.702985 0.177000 0.164179 0.354000
0 0.934328 0.112000 0.131343 0.224000
0 0.022388 0.498000 0.044776 0.500000
0 0.498507 0.087000 0.113433 0.174000
0 0.111940 0.459000 0.044776 0.462000
0 0.238806 0.091000 0.113433 0.110000
104 0.413433 0.401000 0.253731 0.178000