115 0.340361 0.750000 0.343373 0.116000
130 0.543675 0.411000 0.292169 0.262000
36 0.528614 0.263000 0.057229 0.058000
31 0.500000 0.755000 1.000000 0.490000
64 0.367470 0.721000 0.120482 0.038000
91 0.496988 0.483000 0.385542 0.606000
48 0.539157 0.760000 0.096386 0.044000
48 0.365964 0.721000 0.117470 0.038000
59 0.498494 0.573000 0.996988 0.122000
50 0.375000 0.910000 0.677711 0.188000
50 0.731928 0.878000 0.536145 0.224000
50 0.231928 0.780000 0.457831 0.164000
50 0.576807 0.738000 0.515060 0.148000
50 0.400602 0.651000 0.427711 0.098000