101 0.471000 0.442943 0.046000 0.039039
64 0.092000 0.812312 0.024000 0.027027
64 0.011000 0.800300 0.018000 0.033033
91 0.755000 0.651652 0.042000 0.162162
11 0.499000 0.821321 0.998000 0.357357
1 0.786000 0.642643 0.036000 0.180180
1 0.489000 0.659159 0.230000 0.471471
1 0.387000 0.632132 0.046000 0.183183
1 0.064000 0.638138 0.128000 0.381381
6 0.824000 0.645646 0.040000 0.180180
4 0.490000 0.579580 0.152000 0.180180
4 0.759000 0.626126 0.030000 0.057057
66 0.045000 0.683183 0.070000 0.099099
66 0.468000 0.719219 0.124000 0.123123
66 0.827000 0.653153 0.030000 0.039039
66 0.758000 0.659159 0.028000 0.021021
8 0.959000 0.027027 0.082000 0.054054
2 0.827000 0.294294 0.086000 0.588589
2 0.260000 0.325826 0.068000 0.651652
2 0.510000 0.330330 0.084000 0.660661