83 0.336000 0.890000 0.432000 0.212000
147 0.432000 0.248000 0.026667 0.020000
7 0.916000 0.185000 0.077333 0.082000
114 0.393333 0.640000 0.786667 0.676000
12 0.322667 0.740000 0.037333 0.016000
12 0.750667 0.772000 0.013333 0.016000
12 0.852000 0.506000 0.018667 0.016000
12 0.266667 0.747000 0.032000 0.018000
12 0.624000 0.164000 0.010667 0.012000
12 0.748000 0.354000 0.018667 0.020000
12 0.661333 0.186000 0.021333 0.012000
12 0.961333 0.535000 0.013333 0.022000
85 0.908000 0.786000 0.018667 0.020000
85 0.856000 0.278000 0.010667 0.008000
85 0.622667 0.164000 0.013333 0.012000
72 0.698667 0.904000 0.533333 0.184000
41 0.072000 0.531000 0.101333 0.110000
2 0.804000 0.434000 0.386667 0.540000
0 0.168000 0.305000 0.330667 0.406000