58 0.500000 0.085333 1.000000 0.160000
134 0.527000 0.581333 0.566000 0.480000
19 0.687000 0.421333 0.050000 0.037333
25 0.755000 0.450667 0.022000 0.021333
127 0.511000 0.218667 0.022000 0.058667
70 0.786000 0.552000 0.028000 0.021333
30 0.799000 0.536000 0.014000 0.026667
69 0.364000 0.805333 0.012000 0.010667
69 0.895000 0.685333 0.022000 0.021333
6 0.880000 0.422667 0.008000 0.018667
13 0.526000 0.286667 0.024000 0.189333
148 0.924000 0.517333 0.144000 0.138667
8 0.897000 0.252000 0.198000 0.146667
28 0.954000 0.413333 0.092000 0.042667