5 0.583000 0.357143 0.830000 0.714286
20 0.270000 0.612462 0.156000 0.124620
20 0.533000 0.717325 0.210000 0.139818
31 0.592000 0.732523 0.812000 0.528875
11 0.809000 0.746201 0.382000 0.197568
1 0.564000 0.512158 0.028000 0.106383
1 0.613000 0.571429 0.030000 0.115502
9 0.662000 0.500000 0.024000 0.039514
125 0.463000 0.598784 0.270000 0.249240
35 0.537000 0.764438 0.030000 0.045593
0 0.794000 0.253799 0.108000 0.124620
0 0.606000 0.226444 0.084000 0.106383
0 0.470000 0.376900 0.040000 0.109422
0 0.781000 0.442249 0.102000 0.130699
0 0.471000 0.209726 0.050000 0.103343
0 0.573000 0.685410 0.038000 0.039514
0 0.606000 0.405775 0.084000 0.106383