100 0.200000 0.180000 0.213333 0.180000
100 0.296000 0.114000 0.069333 0.184000
100 0.464000 0.118000 0.240000 0.204000
95 0.366667 0.766000 0.072000 0.032000
95 0.092000 0.852000 0.141333 0.076000
95 0.202667 0.977000 0.181333 0.034000
95 0.069333 0.965000 0.128000 0.066000
20 0.258667 0.472000 0.085333 0.052000
20 0.952000 0.447000 0.090667 0.070000
7 0.945333 0.596000 0.093333 0.084000
7 0.166667 0.613000 0.232000 0.082000
7 0.957333 0.523000 0.085333 0.046000
7 0.086667 0.688000 0.157333 0.080000
118 0.794667 0.466000 0.048000 0.040000
118 0.981333 0.456000 0.032000 0.024000
118 0.925333 0.458000 0.037333 0.028000
39 0.530667 0.959000 0.058667 0.034000
39 0.085333 0.832000 0.037333 0.016000
39 0.945333 0.971000 0.093333 0.034000
39 0.949333 0.749000 0.042667 0.026000
39 0.177333 0.851000 0.082667 0.050000
39 0.122667 0.904000 0.032000 0.036000
39 0.270667 0.780000 0.045333 0.020000
39 0.212000 0.924000 0.056000 0.036000
12 0.357333 0.445000 0.090667 0.042000
12 0.029333 0.426000 0.048000 0.040000
12 0.026667 0.467000 0.053333 0.026000
12 0.193333 0.453000 0.056000 0.026000
12 0.086667 0.471000 0.056000 0.042000
85 0.370667 0.123000 0.128000 0.114000
85 0.480000 0.479000 0.042667 0.046000
55 0.193333 0.663000 0.376000 0.398000
55 0.890667 0.631000 0.218667 0.370000
49 0.844000 0.546000 0.157333 0.148000
49 0.182667 0.843000 0.333333 0.310000
49 0.498667 0.744000 0.992000 0.476000
9 0.278667 0.147000 0.114667 0.098000
60 0.316000 0.491000 0.626667 0.634000
60 0.705333 0.609000 0.562667 0.722000
2 0.336000 0.249000 0.474667 0.498000
2 0.150667 0.286000 0.194667 0.368000
2 0.874667 0.239000 0.245333 0.450000
2 0.497333 0.249000 0.109333 0.242000
3 0.078667 0.407000 0.050667 0.058000