115 0.564000 0.827000 0.546667 0.342000
86 0.278667 0.547000 0.146667 0.082000
86 0.429333 0.625000 0.144000 0.070000
33 0.864000 0.385000 0.272000 0.274000
116 0.960000 0.728000 0.074667 0.096000
99 0.277333 0.532000 0.149333 0.052000
80 0.497333 0.764000 0.994667 0.472000
80 0.820000 0.166000 0.045333 0.016000
32 0.765333 0.692000 0.128000 0.072000
6 0.440000 0.076000 0.106667 0.068000
6 0.889333 0.170000 0.125333 0.168000
132 0.533333 0.824000 0.437333 0.264000
34 0.120000 0.671000 0.240000 0.118000
34 0.680000 0.620000 0.261333 0.112000
24 0.682667 0.622000 0.122667 0.068000
18 0.497333 0.720000 0.994667 0.560000
2 0.800000 0.081000 0.245333 0.162000
0 0.572000 0.106000 0.178667 0.068000
0 0.194667 0.081000 0.389333 0.106000
23 0.410667 0.330000 0.522667 0.460000