31 0.697000 0.429333 0.142000 0.101333
7 0.642000 0.537333 0.112000 0.114667
7 0.816000 0.526667 0.080000 0.098667
132 0.499000 0.476000 0.978000 0.888000
132 0.402000 0.133333 0.328000 0.117333
132 0.479000 0.390667 0.890000 0.712000
132 0.471000 0.453333 0.854000 0.650667
132 0.506000 0.525333 0.984000 0.938667
132 0.475000 0.757333 0.042000 0.064000
132 0.411000 0.556000 0.370000 0.498667
132 0.473000 0.448000 0.786000 0.704000
132 0.455000 0.454667 0.710000 0.696000
34 0.502000 0.498667 0.984000 0.976000
24 0.347000 0.857333 0.410000 0.146667
46 0.094000 0.676000 0.072000 0.120000
46 0.020000 0.618667 0.040000 0.101333
46 0.266000 0.825333 0.084000 0.061333
46 0.279000 0.774667 0.058000 0.077333
46 0.141000 0.720000 0.074000 0.080000
18 0.502000 0.497333 0.992000 0.989333