74 0.887000 0.791291 0.114000 0.285285
11 0.894000 0.387387 0.216000 0.240240
7 0.929000 0.450450 0.034000 0.060060
118 0.314000 0.144144 0.032000 0.042042
103 0.506000 0.570571 0.112000 0.174174
12 0.593000 0.238739 0.026000 0.033033
1 0.497000 0.522523 0.130000 0.306306
1 0.156000 0.085586 0.064000 0.141141
75 0.137000 0.288288 0.018000 0.102102
55 0.499000 0.666667 0.994000 0.660661
76 0.114000 0.609610 0.084000 0.222222
125 0.443000 0.483483 0.754000 0.744745
28 0.238000 0.822823 0.072000 0.138138
28 0.793000 0.783784 0.062000 0.132132
28 0.729000 0.809309 0.074000 0.135135
28 0.580000 0.815315 0.048000 0.147147
28 0.498000 0.815315 0.024000 0.147147
28 0.306000 0.831832 0.060000 0.180180
28 0.438000 0.818318 0.032000 0.165165