5 0.813000 0.476000 0.374000 0.109333
21 0.438000 0.534667 0.132000 0.194667
32 0.584000 0.538667 0.016000 0.010667
32 0.488000 0.536000 0.016000 0.010667
107 0.813000 0.461333 0.370000 0.074667
75 0.408000 0.505333 0.032000 0.040000
13 0.956000 0.310667 0.024000 0.578667
8 0.501000 0.217333 1.002000 0.434667
76 0.315000 0.626667 0.078000 0.106667
76 0.713000 0.641333 0.094000 0.109333
2 0.096000 0.416000 0.192000 0.240000
2 0.744000 0.377333 0.292000 0.248000
2 0.472000 0.325333 0.240000 0.202667
125 0.538000 0.565333 0.616000 0.272000
125 0.274000 0.548000 0.300000 0.205333
0 0.452000 0.477333 0.092000 0.085333
0 0.555000 0.472000 0.086000 0.080000
0 0.336000 0.486667 0.076000 0.056000