136 0.610599 0.078125 0.511521 0.152083
33 0.603687 0.591667 0.110599 0.079167
31 0.501152 0.790625 0.997696 0.414583
122 0.198157 0.430208 0.165899 0.156250
102 0.392857 0.497917 0.039171 0.045833
102 0.802995 0.550000 0.048387 0.033333
12 0.447005 0.466667 0.041475 0.037500
75 0.197005 0.428125 0.168203 0.156250
93 0.593318 0.576042 0.062212 0.043750
93 0.770737 0.597917 0.076037 0.058333
120 0.814516 0.516667 0.085253 0.120833
3 0.171659 0.389583 0.343318 0.779167
0 0.736175 0.176042 0.126728 0.106250
0 0.607143 0.193750 0.112903 0.091667