5 0.617000 0.500000 0.754000 0.255255
26 0.425000 0.635135 0.822000 0.729730
127 0.885000 0.313814 0.230000 0.423423
138 0.656000 0.490991 0.056000 0.075075
7 0.502000 0.828829 0.984000 0.330330
15 0.654000 0.490991 0.044000 0.063063
45 0.491000 0.349850 0.038000 0.075075
10 0.293000 0.322823 0.062000 0.093093
10 0.631000 0.190691 0.082000 0.135135
42 0.693000 0.319820 0.310000 0.369369
29 0.685000 0.639640 0.270000 0.342342
29 0.079000 0.755255 0.134000 0.375375
29 0.214000 0.683183 0.124000 0.237237
27 0.296000 0.522523 0.076000 0.510511
27 0.492000 0.513514 0.072000 0.408408
27 0.341000 0.506006 0.086000 0.501502
27 0.248000 0.548048 0.128000 0.537538
6 0.494000 0.509009 0.060000 0.441441
9 0.537000 0.055556 0.294000 0.111111
9 0.743000 0.099099 0.058000 0.198198
72 0.510000 0.839339 0.972000 0.315315
3 0.260000 0.355856 0.492000 0.657658