57 0.825000 0.740000 0.070000 0.205333
57 0.534000 0.653333 0.068000 0.192000
16 0.214000 0.356000 0.164000 0.264000
16 0.526000 0.169333 0.124000 0.120000
16 0.832000 0.276000 0.156000 0.194667
42 0.517000 0.656000 0.406000 0.682667
42 0.835000 0.697333 0.326000 0.600000
42 0.182000 0.709333 0.292000 0.522667
102 0.103000 0.141333 0.114000 0.176000
1 0.519000 0.553333 0.414000 0.888000
29 0.521000 0.912000 0.218000 0.165333
27 0.834000 0.586667 0.328000 0.821333
4 0.527000 0.581333 0.166000 0.533333
4 0.271000 0.724000 0.090000 0.434667
3 0.853000 0.244000 0.198000 0.488000
3 0.102000 0.652000 0.200000 0.680000
23 0.342000 0.456000 0.104000 0.309333
23 0.181000 0.610667 0.294000 0.778667