38 0.221925 0.837000 0.443850 0.238000
54 0.411765 0.616000 0.048128 0.072000
139 0.505348 0.877000 0.096257 0.074000
36 0.334225 0.787000 0.144385 0.086000
138 0.693850 0.820000 0.574866 0.364000
16 0.105615 0.838000 0.211230 0.244000
15 0.699198 0.816000 0.580214 0.368000
6 0.493316 0.816000 0.986631 0.368000
62 0.459893 0.445000 0.069519 0.462000
109 0.350267 0.511000 0.101604 0.042000
9 0.486631 0.201000 0.294118 0.402000
76 0.260695 0.653000 0.254011 0.162000
2 0.501337 0.279000 0.997326 0.558000