68 0.899000 0.757333 0.094000 0.384000
67 0.762000 0.816000 0.220000 0.357333
130 0.763000 0.890667 0.202000 0.213333
130 0.259000 0.436000 0.094000 0.136000
19 0.335000 0.218667 0.022000 0.053333
19 0.387000 0.226667 0.022000 0.042667
25 0.386000 0.289333 0.016000 0.024000
25 0.333000 0.285333 0.018000 0.021333
26 0.607000 0.729333 0.190000 0.536000
45 0.396000 0.141333 0.048000 0.053333
10 0.358000 0.309333 0.080000 0.229333
10 0.748000 0.413333 0.116000 0.160000
92 0.768000 0.694667 0.132000 0.120000
114 0.397000 0.501333 0.202000 0.608000
14 0.399000 0.665333 0.042000 0.242667
30 0.353000 0.385333 0.042000 0.029333
27 0.773000 0.389333 0.178000 0.266667
71 0.498000 0.498667 0.996000 0.997333
4 0.401000 0.273333 0.114000 0.168000
2 0.538000 0.172000 0.260000 0.344000
23 0.257000 0.482667 0.098000 0.320000
23 0.403000 0.340000 0.206000 0.456000
23 0.798000 0.661333 0.384000 0.666667