86 0.689000 0.893713 0.322000 0.212575
95 0.860000 0.267964 0.280000 0.140719
99 0.675000 0.832335 0.278000 0.089820
36 0.584000 0.215569 0.100000 0.179641
16 0.640000 0.121257 0.056000 0.128743
32 0.510000 0.669162 0.104000 0.128743
10 0.591000 0.172156 0.134000 0.284431
1 0.538000 0.410180 0.364000 0.772455
69 0.533000 0.646707 0.046000 0.077844
69 0.104000 0.194611 0.200000 0.389222
69 0.335000 0.434132 0.034000 0.089820
132 0.375000 0.847305 0.250000 0.215569
62 0.837000 0.495509 0.314000 0.991018
4 0.599000 0.308383 0.266000 0.281437
3 0.152000 0.353293 0.300000 0.706587