74 0.498750 0.554000 0.997500 0.184000
64 0.305000 0.887000 0.210000 0.094000
142 0.892500 0.354000 0.080000 0.096000
14 0.507500 0.686000 0.365000 0.396000
40 0.497500 0.684000 0.280000 0.384000
61 0.623750 0.226000 0.027500 0.020000
1 0.558750 0.526000 0.742500 0.824000
65 0.717500 0.345000 0.035000 0.098000
29 0.571250 0.691000 0.542500 0.438000
4 0.626250 0.370000 0.482500 0.324000
48 0.311250 0.890000 0.207500 0.096000
112 0.752500 0.855000 0.205000 0.050000
104 0.682500 0.342000 0.070000 0.092000