11 0.035000 0.689552 0.042000 0.035821
7 0.517000 0.813433 0.050000 0.050746
118 0.288000 0.571642 0.012000 0.014925
22 0.031000 0.238806 0.034000 0.053731
85 0.286000 0.571642 0.012000 0.014925
108 0.373000 0.819403 0.042000 0.122388
131 0.055000 0.771642 0.058000 0.044776
8 0.387000 0.211940 0.166000 0.191045
72 0.345000 0.725373 0.034000 0.047761
133 0.288000 0.647761 0.032000 0.065672
94 0.303000 0.564179 0.058000 0.113433
2 0.053000 0.410448 0.106000 0.528358
17 0.446000 0.544776 0.128000 0.283582