5 0.077333 0.883000 0.069333 0.234000
5 0.821333 0.602000 0.357333 0.784000
5 0.333333 0.769000 0.133333 0.458000
5 0.649333 0.661000 0.344000 0.678000
5 0.472000 0.747000 0.277333 0.506000
127 0.290667 0.488000 0.074667 0.036000
47 0.577333 0.915000 0.024000 0.026000
119 0.494667 0.930000 0.018667 0.032000
13 0.934667 0.073000 0.125333 0.146000
13 0.912000 0.078000 0.064000 0.156000
13 0.658667 0.320000 0.037333 0.060000
9 0.940000 0.538000 0.114667 0.260000
9 0.264000 0.825000 0.069333 0.142000
9 0.348000 0.923000 0.093333 0.050000
9 0.714667 0.100000 0.197333 0.056000
9 0.128000 0.853000 0.080000 0.182000
9 0.744000 0.255000 0.389333 0.106000
9 0.766667 0.894000 0.232000 0.104000
9 0.690667 0.166000 0.613333 0.144000
60 0.310667 0.981000 0.616000 0.034000
125 0.136000 0.969000 0.144000 0.054000