53 0.120690 0.529167 0.228840 0.916667
67 0.691223 0.798958 0.347962 0.397917
7 0.854232 0.286458 0.040752 0.060417
15 0.691223 0.204167 0.097179 0.070833
42 0.457680 0.475000 0.595611 0.483333
103 0.413793 0.848958 0.332288 0.302083
82 0.435737 0.842708 0.282132 0.310417
85 0.783699 0.412500 0.018809 0.016667
1 0.456113 0.583333 0.592476 0.833333
75 0.868339 0.417708 0.257053 0.106250
71 0.697492 0.439583 0.128527 0.066667
90 0.782132 0.473958 0.429467 0.022917
18 0.824451 0.814583 0.319749 0.366667