54 0.201000 0.821519 0.026000 0.083544
54 0.193000 0.916456 0.026000 0.086076
54 0.214000 0.902532 0.028000 0.083544
54 0.287000 0.870886 0.022000 0.091139
54 0.260000 0.794937 0.024000 0.081013
5 0.544000 0.240506 0.644000 0.450633
5 0.214000 0.317722 0.044000 0.210127
20 0.639000 0.618987 0.558000 0.356962
16 0.104000 0.427848 0.052000 0.045570
119 0.426000 0.277215 0.008000 0.012658
12 0.897000 0.596203 0.030000 0.037975
12 0.710000 0.629114 0.080000 0.037975
1 0.512000 0.425316 0.040000 0.050633
1 0.980000 0.444304 0.040000 0.134177
1 0.105000 0.507595 0.074000 0.205063
1 0.464000 0.421519 0.024000 0.063291
1 0.495000 0.420253 0.022000 0.050633
1 0.473000 0.389873 0.014000 0.030380
1 0.522000 0.415190 0.012000 0.050633
98 0.693000 0.498734 0.202000 0.086076
55 0.500000 0.725316 1.000000 0.549367
109 0.376000 0.767089 0.076000 0.070886
9 0.475000 0.288608 0.118000 0.045570