5 0.466967 0.558000 0.471471 0.708000
20 0.719219 0.910000 0.417417 0.180000
97 0.468468 0.385000 0.114114 0.074000
21 0.475976 0.831000 0.069069 0.138000
21 0.405405 0.828000 0.072072 0.136000
7 0.414414 0.954000 0.198198 0.092000
1 0.930931 0.929000 0.138138 0.142000
27 0.051051 0.853000 0.030030 0.074000
4 0.256757 0.915000 0.075075 0.102000
66 0.048048 0.861000 0.018018 0.018000
0 0.725225 0.585000 0.063063 0.078000
23 0.258258 0.913000 0.114114 0.174000
23 0.127628 0.862000 0.045045 0.080000