128 0.525000 0.098667 0.154000 0.032000
88 0.553000 0.616000 0.890000 0.752000
91 0.746000 0.465333 0.372000 0.818667
91 0.174000 0.498667 0.348000 0.997333
91 0.491000 0.341333 0.310000 0.565333
96 0.700000 0.146667 0.092000 0.032000
96 0.398000 0.181333 0.056000 0.133333
7 0.513000 0.924000 0.826000 0.152000
16 0.392000 0.117333 0.120000 0.122667
29 0.068000 0.684000 0.136000 0.632000
24 0.648000 0.928000 0.704000 0.144000
49 0.533000 0.909333 0.910000 0.165333
2 0.762000 0.096000 0.080000 0.192000
104 0.528000 0.670667 0.708000 0.120000