26 0.499000 0.593093 0.998000 0.063063
56 0.499000 0.786787 0.998000 0.426426
11 0.499000 0.785285 0.998000 0.429429
7 0.499000 0.780781 0.998000 0.438438
10 0.443000 0.797297 0.034000 0.063063
114 0.477000 0.840841 0.102000 0.150150
82 0.513000 0.879880 0.022000 0.048048
82 0.466000 0.872372 0.016000 0.045045
120 0.317000 0.903904 0.046000 0.102102
2 0.632000 0.324324 0.300000 0.480480
2 0.275000 0.454955 0.138000 0.213213
2 0.185000 0.460961 0.078000 0.201201
2 0.396000 0.367868 0.176000 0.381381
2 0.836000 0.448949 0.160000 0.261261
17 0.082000 0.087087 0.164000 0.174174
28 0.759000 0.723724 0.490000 0.054054