74 0.699000 0.903963 0.594000 0.161585
11 0.904000 0.919207 0.020000 0.033537
11 0.846000 0.914634 0.008000 0.030488
11 0.659000 0.669207 0.006000 0.027439
11 0.635000 0.682927 0.010000 0.030488
11 0.819000 0.893293 0.022000 0.042683
7 0.241000 0.204268 0.474000 0.402439
22 0.797000 0.323171 0.050000 0.042683
22 0.193000 0.838415 0.386000 0.323171
22 0.482000 0.685976 0.120000 0.097561
22 0.338000 0.541159 0.016000 0.015244
22 0.296000 0.589939 0.028000 0.009146
22 0.617000 0.535061 0.022000 0.015244
22 0.475000 0.507622 0.018000 0.009146
22 0.236000 0.695122 0.024000 0.012195
22 0.375000 0.733232 0.014000 0.033537
24 0.858000 0.027439 0.188000 0.054878
49 0.500000 0.623476 1.000000 0.740854