5 0.920000 0.369048 0.156000 0.309524
127 0.955000 0.130952 0.018000 0.039683
127 0.906000 0.182540 0.012000 0.031746
127 0.872000 0.222222 0.016000 0.031746
127 0.845000 0.259921 0.014000 0.043651
12 0.882000 0.291667 0.016000 0.019841
12 0.807000 0.607143 0.022000 0.015873
30 0.764000 0.466270 0.020000 0.059524
13 0.065000 0.408730 0.010000 0.174603
24 0.237000 0.591270 0.358000 0.023810
8 0.499000 0.244048 0.998000 0.488095
59 0.577000 0.450397 0.386000 0.027778
41 0.177000 0.327381 0.122000 0.210317
125 0.802000 0.670635 0.124000 0.142857
35 0.393000 0.575397 0.038000 0.039683
0 0.436000 0.434524 0.012000 0.019841
0 0.598000 0.428571 0.020000 0.023810
135 0.194000 0.408730 0.064000 0.103175