36 0.521021 0.316000 0.081081 0.068000
91 0.325826 0.532000 0.069069 0.088000
96 0.524024 0.296000 0.087087 0.012000
118 0.421922 0.675000 0.027027 0.018000
118 0.722222 0.677000 0.027027 0.018000
118 0.569069 0.404000 0.027027 0.020000
22 0.070571 0.832000 0.141141 0.104000
14 0.121622 0.593000 0.033033 0.058000
1 0.339339 0.466000 0.678679 0.428000
4 0.171171 0.538000 0.048048 0.036000
4 0.530030 0.380000 0.297297 0.084000
9 0.569069 0.586000 0.075075 0.040000
94 0.393393 0.626000 0.786787 0.444000
2 0.381381 0.155000 0.252252 0.310000
3 0.911411 0.241000 0.087087 0.070000