67 0.538000 0.509000 0.740000 0.982000
21 0.130000 0.472000 0.260000 0.944000
21 0.603000 0.443000 0.758000 0.886000
36 0.496000 0.211000 0.264000 0.394000
7 0.085000 0.564000 0.170000 0.552000
16 0.497000 0.128000 0.262000 0.216000
15 0.450000 0.768000 0.268000 0.208000
15 0.328000 0.909000 0.204000 0.182000
32 0.174000 0.112000 0.116000 0.212000
32 0.370000 0.104000 0.128000 0.208000
32 0.171000 0.065000 0.114000 0.042000
32 0.378000 0.046000 0.128000 0.044000
1 0.296000 0.500000 0.592000 1.000000
0 0.607000 0.167000 0.506000 0.334000
0 0.099000 0.427000 0.146000 0.854000