129 0.578078 0.816000 0.213213 0.128000
129 0.279279 0.701000 0.084084 0.034000
129 0.199700 0.749000 0.093093 0.042000
123 0.184685 0.804000 0.369369 0.272000
33 0.764264 0.721000 0.351351 0.226000
33 0.645646 0.608000 0.084084 0.096000
89 0.390390 0.598000 0.156156 0.116000
127 0.160661 0.556000 0.045045 0.032000
79 0.635135 0.540000 0.057057 0.052000
22 0.630631 0.530000 0.060060 0.028000
14 0.786787 0.810000 0.024024 0.040000
85 0.048048 0.244000 0.096096 0.084000
85 0.436937 0.447000 0.123123 0.094000
93 0.774775 0.565000 0.048048 0.034000
18 0.638138 0.606000 0.159159 0.096000
18 0.516517 0.860000 0.390390 0.272000
149 0.633634 0.555000 0.018018 0.022000
3 0.599099 0.519000 0.213213 0.166000
3 0.160661 0.469000 0.321321 0.614000
0 0.776276 0.519000 0.039039 0.086000
0 0.842342 0.535000 0.057057 0.118000
0 0.932432 0.557000 0.069069 0.242000
0 0.576577 0.523000 0.060060 0.070000