53 0.500000 0.500000 1.000000 1.000000
58 0.500000 0.360000 1.000000 0.720000
12 0.901000 0.400000 0.090000 0.245333
12 0.634000 0.393333 0.072000 0.146667
12 0.137000 0.562667 0.062000 0.202667
12 0.500000 0.352000 1.000000 0.704000
9 0.278000 0.550667 0.212000 0.290667
9 0.274000 0.497333 0.192000 0.168000
8 0.497000 0.266667 0.994000 0.490667
8 0.500000 0.376000 0.988000 0.725333
60 0.634000 0.902667 0.612000 0.194667
17 0.802000 0.712000 0.196000 0.085333
28 0.564000 0.778667 0.852000 0.106667