115 0.538000 0.267267 0.056000 0.072072
87 0.633000 0.472973 0.014000 0.021021
87 0.623000 0.475976 0.014000 0.015015
87 0.613000 0.474474 0.010000 0.018018
87 0.601000 0.474474 0.010000 0.018018
87 0.593000 0.472973 0.014000 0.021021
26 0.445000 0.740240 0.418000 0.513514
117 0.283000 0.403904 0.566000 0.807808
96 0.692000 0.156156 0.080000 0.042042
29 0.347000 0.261261 0.018000 0.048048
6 0.138000 0.915916 0.136000 0.162162
6 0.318000 0.223724 0.028000 0.105105
4 0.666000 0.420420 0.268000 0.372372
4 0.344000 0.223724 0.036000 0.039039
9 0.540000 0.262763 0.096000 0.129129
46 0.355000 0.716216 0.062000 0.051051
46 0.186000 0.681682 0.080000 0.060060
46 0.289000 0.690691 0.066000 0.066066
81 0.130000 0.926426 0.116000 0.141141
3 0.492000 0.310811 0.060000 0.075075
3 0.417000 0.291291 0.038000 0.048048