38 0.199000 0.353211 0.118000 0.253823
38 0.354000 0.461774 0.156000 0.226300
139 0.411000 0.408257 0.030000 0.033639
139 0.207000 0.272171 0.034000 0.055046
25 0.672000 0.397554 0.036000 0.036697
31 0.492000 0.496942 0.980000 0.993884
7 0.908000 0.845566 0.112000 0.229358
16 0.326000 0.123853 0.164000 0.211009
15 0.531000 0.077982 0.102000 0.155963
30 0.328000 0.220183 0.036000 0.042813
30 0.578000 0.451070 0.052000 0.070336
29 0.266000 0.223242 0.400000 0.446483
90 0.903000 0.521407 0.190000 0.675841
4 0.284000 0.389908 0.292000 0.363914
141 0.328000 0.529052 0.060000 0.085627
50 0.437000 0.899083 0.254000 0.189602
104 0.300000 0.394495 0.016000 0.018349