54 0.135000 0.510667 0.110000 0.189333
101 0.268000 0.386667 0.116000 0.080000
136 0.283000 0.193333 0.398000 0.178667
57 0.232000 0.534667 0.040000 0.088000
57 0.187000 0.572000 0.018000 0.066667
57 0.581000 0.604000 0.106000 0.226667
57 0.381000 0.792000 0.130000 0.176000
96 0.370000 0.754667 0.088000 0.245333
96 0.372000 0.693333 0.132000 0.149333
96 0.043000 0.796000 0.074000 0.205333
96 0.591000 0.565333 0.114000 0.117333
96 0.593000 0.616000 0.098000 0.229333
96 0.227000 0.556000 0.050000 0.130667
16 0.667000 0.296000 0.142000 0.080000
15 0.065000 0.804000 0.126000 0.114667
15 0.539000 0.657333 0.114000 0.184000
15 0.372000 0.830667 0.120000 0.184000
15 0.205000 0.593333 0.054000 0.082667
10 0.676000 0.426667 0.188000 0.341333
12 0.168000 0.305333 0.024000 0.018667
12 0.144000 0.197333 0.020000 0.021333
12 0.128000 0.101333 0.036000 0.032000
12 0.019000 0.273333 0.014000 0.040000
12 0.155000 0.262667 0.026000 0.034667
1 0.286000 0.436000 0.100000 0.178667
1 0.866000 0.537333 0.260000 0.914667
1 0.277000 0.604000 0.174000 0.493333
1 0.852000 0.361333 0.252000 0.498667
70 0.643000 0.516000 0.074000 0.056000
27 0.625000 0.529333 0.694000 0.888000
27 0.594000 0.502667 0.756000 0.829333
27 0.472000 0.581333 0.616000 0.794667
6 0.621000 0.628000 0.630000 0.738667
6 0.258000 0.658667 0.492000 0.677333
6 0.271000 0.673333 0.170000 0.637333
6 0.742000 0.549333 0.512000 0.896000
4 0.281000 0.545333 0.058000 0.066667
4 0.293000 0.554667 0.134000 0.128000
4 0.864000 0.680000 0.264000 0.512000
4 0.713000 0.804000 0.450000 0.370667
4 0.391000 0.772000 0.214000 0.413333
18 0.200000 0.836000 0.220000 0.253333
81 0.388000 0.776000 0.216000 0.410667
23 0.689000 0.626667 0.446000 0.725333
23 0.252000 0.658667 0.504000 0.672000
23 0.615000 0.622667 0.626000 0.744000