88 0.929000 0.524000 0.082000 0.093333
21 0.544000 0.445333 0.036000 0.245333
26 0.157000 0.288000 0.286000 0.069333
12 0.851000 0.564000 0.018000 0.029333
12 0.100000 0.486667 0.016000 0.018667
12 0.701000 0.577333 0.026000 0.034667
12 0.165000 0.485333 0.018000 0.021333
65 0.836000 0.504000 0.016000 0.021333
62 0.804000 0.162667 0.040000 0.154667
94 0.102000 0.458667 0.188000 0.245333
94 0.558000 0.500000 0.740000 0.589333
17 0.820000 0.224000 0.328000 0.448000
0 0.711000 0.369333 0.126000 0.136000
0 0.825000 0.368000 0.114000 0.122667
0 0.101000 0.414667 0.058000 0.072000
0 0.161000 0.413333 0.062000 0.085333