33 0.405000 0.703593 0.050000 0.077844
91 0.268000 0.585329 0.056000 0.272455
91 0.479000 0.622754 0.106000 0.389222
91 0.153000 0.585329 0.066000 0.266467
91 0.898000 0.470060 0.116000 0.233533
91 0.058000 0.636228 0.104000 0.410180
91 0.033000 0.443114 0.042000 0.131737
11 0.500000 0.893713 0.976000 0.170659
7 0.799000 0.917665 0.218000 0.152695
45 0.882000 0.353293 0.056000 0.035928
45 0.490000 0.462575 0.048000 0.044910
45 0.919000 0.381737 0.058000 0.056886
45 0.549000 0.567365 0.034000 0.020958
45 0.069000 0.462575 0.054000 0.062874
45 0.858000 0.321856 0.056000 0.038922
114 0.397000 0.615269 0.314000 0.374251
114 0.085000 0.589820 0.170000 0.281437
114 0.223000 0.564371 0.118000 0.314371
14 0.630000 0.730539 0.048000 0.251497
82 0.294000 0.699102 0.040000 0.218563
1 0.549000 0.634731 0.070000 0.161677
29 0.470000 0.705090 0.076000 0.212575
6 0.837000 0.494012 0.150000 0.317365
4 0.030000 0.456587 0.036000 0.068862
4 0.056000 0.589820 0.104000 0.161677
4 0.475000 0.547904 0.094000 0.131737
4 0.883000 0.434132 0.062000 0.083832
4 0.931000 0.467066 0.050000 0.101796
4 0.158000 0.532934 0.056000 0.095808
4 0.269000 0.528443 0.050000 0.086826
4 0.549000 0.652695 0.066000 0.131737
41 0.186000 0.600299 0.036000 0.242515
125 0.855000 0.627246 0.286000 0.428144