5 0.451000 0.256757 0.278000 0.087087
5 0.143000 0.213213 0.286000 0.132132
105 0.474000 0.435435 0.924000 0.438438
37 0.885000 0.238739 0.226000 0.153153
37 0.434000 0.109610 0.868000 0.219219
21 0.676000 0.489489 0.028000 0.198198
21 0.704000 0.487988 0.028000 0.189189
7 0.500000 0.693694 1.000000 0.300300
107 0.422000 0.270270 0.208000 0.078078
107 0.158000 0.210210 0.300000 0.144144
69 0.305000 0.627628 0.054000 0.030030
69 0.883000 0.549550 0.010000 0.018018
13 0.953000 0.427928 0.090000 0.801802
51 0.141000 0.204204 0.270000 0.108108
51 0.429000 0.238739 0.202000 0.093093
51 0.112000 0.201201 0.204000 0.114114
9 0.754000 0.307808 0.056000 0.081081
8 0.400000 0.130631 0.216000 0.153153
8 0.499000 0.165165 0.982000 0.300300
59 0.458000 0.567568 0.916000 0.180180
94 0.491000 0.427928 0.514000 0.345345
94 0.638000 0.430931 0.612000 0.351351
94 0.502000 0.454955 0.324000 0.309309
94 0.480000 0.487988 0.960000 0.513514
94 0.470000 0.501502 0.940000 0.426426
94 0.503000 0.448949 0.986000 0.405405
94 0.510000 0.456456 0.908000 0.654655
3 0.414000 0.345345 0.160000 0.150150
35 0.303000 0.621622 0.066000 0.030030
43 0.420000 0.475976 0.440000 0.195195