68 0.890000 0.598667 0.156000 0.168000
68 0.487000 0.541333 0.082000 0.197333
54 0.290000 0.432000 0.020000 0.053333
138 0.317000 0.200000 0.034000 0.037333
11 0.500000 0.657333 0.996000 0.674667
75 0.550000 0.181333 0.032000 0.053333
75 0.788000 0.326667 0.044000 0.045333
109 0.728000 0.488000 0.132000 0.090667
2 0.136000 0.150667 0.120000 0.301333
2 0.328000 0.098667 0.092000 0.197333
2 0.464000 0.125333 0.056000 0.250667
2 0.500000 0.142667 0.036000 0.285333
2 0.225000 0.126667 0.046000 0.253333
17 0.176000 0.176000 0.076000 0.229333