139 0.554348 0.388000 0.027174 0.024000
26 0.812500 0.338000 0.364130 0.240000
91 0.528533 0.494000 0.236413 0.664000
7 0.498641 0.667000 0.997283 0.654000
16 0.535326 0.259000 0.130435 0.190000
118 0.801630 0.493000 0.081522 0.070000
39 0.932065 0.932000 0.065217 0.020000
13 0.226902 0.193000 0.029891 0.386000
48 0.493207 0.786000 0.078804 0.072000
48 0.535326 0.759000 0.048913 0.054000
49 0.826087 0.459000 0.347826 0.274000
49 0.207880 0.405000 0.410326 0.154000
9 0.286685 0.016000 0.057065 0.016000
76 0.677989 0.715000 0.263587 0.222000
2 0.572011 0.128000 0.399457 0.256000