95 0.474642 0.762684 0.067255 0.042553
95 0.270673 0.914075 0.131202 0.086743
95 0.307056 0.824059 0.095921 0.060556
95 0.191290 0.827332 0.098126 0.054010
95 0.270121 0.792962 0.090408 0.044190
95 0.335722 0.764321 0.073870 0.039280
95 0.389746 0.740589 0.067255 0.031097
95 0.431643 0.720131 0.058434 0.029460
95 0.464168 0.706219 0.041896 0.024550
95 0.061191 0.894435 0.111356 0.060556
5 0.351158 0.356792 0.190739 0.268412
5 0.672547 0.419804 0.094818 0.129296
5 0.491180 0.409165 0.106946 0.144026
7 0.498346 0.847791 0.972437 0.291326
85 0.680816 0.167758 0.067255 0.126023
6 0.195700 0.639116 0.164278 0.414075
4 0.961963 0.495090 0.009923 0.021277
49 0.486218 0.725041 0.948181 0.533552
52 0.202867 0.355974 0.275634 0.253682
43 0.340684 0.387070 0.013230 0.040917
43 0.379272 0.390344 0.011025 0.031097