97 0.372263 0.285645 0.084672 0.083008
97 0.448175 0.281250 0.070073 0.070312
11 0.894161 0.967773 0.202920 0.060547
22 0.227007 0.171875 0.010219 0.013672
22 0.557664 0.395508 0.017518 0.019531
22 0.144526 0.245605 0.014599 0.010742
22 0.534307 0.098145 0.035036 0.024414
22 0.820438 0.483887 0.096350 0.057617
22 0.785401 0.125977 0.061314 0.052734
22 0.498540 0.460449 0.051095 0.026367
22 0.078102 0.250000 0.016058 0.019531
22 0.142336 0.256836 0.021898 0.011719
22 0.310949 0.136230 0.017518 0.014648
6 0.850365 0.866211 0.021898 0.054688
55 0.494891 0.952148 0.417518 0.085938
131 0.729927 0.955078 0.160584 0.085938
4 0.849635 0.866211 0.023358 0.031250
8 0.152555 0.066895 0.305109 0.133789
81 0.355474 0.075684 0.252555 0.051758
94 0.768613 0.717285 0.459854 0.075195
2 0.634307 0.658691 0.299270 0.458008
2 0.153285 0.279297 0.306569 0.558594
2 0.862044 0.589355 0.278832 0.770508
2 0.597080 0.134766 0.070073 0.070312
17 0.148905 0.757812 0.254015 0.294922
17 0.568613 0.098145 0.112409 0.075195
3 0.446715 0.468750 0.049635 0.236328