67 0.693359 0.272786 0.224609 0.493490
36 0.694824 0.117839 0.229492 0.217448
96 0.679688 0.091797 0.125000 0.121094
16 0.776367 0.134115 0.072266 0.166667
15 0.448730 0.156250 0.192383 0.192708
15 0.678223 0.527344 0.168945 0.200521
118 0.096680 0.582682 0.117188 0.290365
42 0.426270 0.072266 0.301758 0.115885
102 0.208984 0.900391 0.175781 0.144531
22 0.104980 0.321615 0.047852 0.049479
12 0.200195 0.878255 0.244141 0.220052
61 0.669434 0.326172 0.067383 0.087240
1 0.505859 0.211589 0.298828 0.389323
30 0.642578 0.108073 0.056641 0.052083
29 0.464844 0.262370 0.171875 0.214844
29 0.807129 0.660807 0.211914 0.274740
4 0.666992 0.337891 0.447266 0.540365
48 0.521973 0.408203 0.127930 0.118490