5 0.303711 0.181641 0.607422 0.363281
91 0.524902 0.514974 0.067383 0.298177
16 0.263672 0.513672 0.074219 0.084635
16 0.179199 0.270182 0.041992 0.042969
42 0.261230 0.247396 0.077148 0.101562
143 0.476074 0.729167 0.016602 0.039062
1 0.600586 0.898438 0.183594 0.195312
1 0.264160 0.229167 0.075195 0.130208
93 0.705078 0.602865 0.130859 0.143229
93 0.693359 0.604167 0.259766 0.083333
4 0.129395 0.460286 0.083008 0.134115
9 0.859863 0.150391 0.063477 0.087240
2 0.500977 0.226562 0.099609 0.184896
23 0.062988 0.421875 0.125977 0.260417
23 0.138184 0.423828 0.086914 0.209635