20 0.214844 0.490483 0.281250 0.169839
21 0.661621 0.303075 0.059570 0.243045
96 0.545898 0.038799 0.103516 0.054173
118 0.691895 0.463397 0.026367 0.033675
12 0.296387 0.224012 0.016602 0.020498
12 0.276367 0.225476 0.019531 0.023426
12 0.286133 0.205710 0.015625 0.021962
40 0.500000 0.768668 1.000000 0.462665
1 0.484375 0.500000 0.371094 1.000000
13 0.285645 0.327965 0.045898 0.187408
13 0.287598 0.323572 0.034180 0.178624
60 0.500000 0.773792 1.000000 0.452416
60 0.498535 0.768668 0.997070 0.453880
0 0.910645 0.271596 0.104492 0.232796
0 0.217773 0.301611 0.044922 0.125915