19 0.796667 0.538750 0.053333 0.022500
19 0.740000 0.461250 0.080000 0.057500
36 0.570000 0.285000 0.233333 0.270000
140 0.650000 0.556250 0.093333 0.052500
140 0.543333 0.645000 0.086667 0.050000
16 0.545000 0.245000 0.443333 0.315000
15 0.571667 0.812500 0.236667 0.205000
15 0.601667 0.613750 0.223333 0.172500
78 0.591667 0.508750 0.083333 0.052500
30 0.581667 0.261250 0.070000 0.067500
29 0.525000 0.947500 0.583333 0.105000
4 0.536667 0.666250 0.833333 0.552500
141 0.443333 0.717500 0.740000 0.565000
41 0.200000 0.903750 0.280000 0.192500
23 0.535000 0.546250 0.830000 0.907500