77 0.511230 0.656088 0.975586 0.607513
23 0.343262 0.498705 0.686523 0.997409
91 0.488770 0.415803 0.219727 0.559585
106 0.623047 0.772021 0.208984 0.455959
1 0.574219 0.419689 0.175781 0.401554
23 0.259766 0.284326 0.189453 0.203368
45 0.102539 0.105570 0.205078 0.211140
116 0.336426 0.783679 0.090820 0.152850
140 0.570312 0.246762 0.048828 0.055699
4 0.712402 0.378238 0.147461 0.152850
15 0.324219 0.900259 0.136719 0.189119
106 0.611816 0.422280 0.090820 0.121762
66 0.657227 0.474741 0.158203 0.079016
4 0.619141 0.354275 0.099609 0.128238
66 0.556641 0.448187 0.080078 0.075130
61 0.055664 0.034974 0.074219 0.049223
116 0.188965 0.363342 0.034180 0.032383