37 0.760254 0.120059 0.165039 0.102489
19 0.331055 0.366032 0.009766 0.023426
7 0.500000 0.775256 1.000000 0.449488
45 0.779297 0.250366 0.068359 0.055637
10 0.294922 0.445827 0.085938 0.185944
10 0.777832 0.287701 0.040039 0.048316
114 0.588379 0.636896 0.657227 0.565154
82 0.903809 0.787701 0.088867 0.219619
82 0.489258 0.806003 0.074219 0.226940
1 0.793457 0.439239 0.110352 0.430454
27 0.526855 0.459736 0.104492 0.456808
6 0.521484 0.461933 0.113281 0.464129
6 0.797363 0.376281 0.122070 0.304539
98 0.681641 0.950952 0.156250 0.089312
8 0.793457 0.119327 0.413086 0.238653
28 0.500000 0.692533 1.000000 0.614934
23 0.517578 0.461933 0.121094 0.467057