38 0.547852 0.302734 0.099609 0.337240
130 0.661133 0.284505 0.310547 0.350260
64 0.621582 0.784505 0.139648 0.118490
64 0.531250 0.770182 0.095703 0.115885
91 0.630859 0.457682 0.447266 0.915365
96 0.659668 0.072917 0.106445 0.054688
138 0.537109 0.437500 0.070312 0.132812
138 0.781250 0.447266 0.074219 0.110677
15 0.535156 0.437500 0.074219 0.122396
45 0.655273 0.046875 0.101562 0.093750
10 0.647461 0.070312 0.140625 0.140625
146 0.500000 0.067708 1.000000 0.135417
42 0.656738 0.300781 0.315430 0.393229
14 0.628418 0.654948 0.139648 0.346354
14 0.558105 0.632812 0.155273 0.403646
29 0.596680 0.630208 0.210938 0.466146
13 0.460449 0.529948 0.170898 0.205729
13 0.718262 0.544922 0.127930 0.209635
112 0.524902 0.781901 0.092773 0.162760
72 0.312988 0.742188 0.370117 0.333333