77 0.791016 0.516176 0.378906 0.297059
77 0.394043 0.541176 0.483398 0.373529
77 0.923828 0.844853 0.152344 0.125000
77 0.791016 0.329412 0.345703 0.658824
5 0.315918 0.464706 0.508789 0.514706
5 0.027832 0.460294 0.055664 0.414706
102 0.258301 0.349265 0.034180 0.095588
62 0.256836 0.577206 0.027344 0.404412
62 0.258789 0.542647 0.035156 0.482353
8 0.437012 0.086029 0.317383 0.172059
8 0.205566 0.083088 0.411133 0.166176
59 0.421387 0.543382 0.389648 0.101471
3 0.299316 0.846324 0.401367 0.142647
28 0.416504 0.941912 0.067383 0.063235
28 0.567383 0.931618 0.349609 0.122059
28 0.412598 0.958824 0.141602 0.073529
28 0.369141 0.931618 0.175781 0.119118
0 0.044922 0.531618 0.019531 0.048529
0 0.480469 0.416912 0.015625 0.030882
0 0.321777 0.534559 0.061523 0.057353
0 0.518066 0.561029 0.024414 0.051471
0 0.463379 0.414706 0.016602 0.032353