20 0.614746 0.613470 0.354492 0.301611
12 0.584473 0.483895 0.057617 0.024890
51 0.637695 0.506589 0.205078 0.038067
148 0.500977 0.761347 0.998047 0.471449
24 0.341309 0.713763 0.620117 0.130307
8 0.500977 0.268668 0.998047 0.528551
76 0.466797 0.656662 0.044922 0.083455
76 0.646973 0.702050 0.081055 0.130307
28 0.572266 0.601757 0.853516 0.152269
0 0.538574 0.558565 0.057617 0.062958
0 0.741211 0.561493 0.050781 0.071742
0 0.674316 0.551977 0.069336 0.076135
0 0.595215 0.556369 0.063477 0.061493