139 0.628418 0.909505 0.139648 0.167969
79 0.486328 0.466146 0.013672 0.033854
57 0.531738 0.611979 0.040039 0.109375
96 0.503418 0.925781 0.071289 0.135417
10 0.379395 0.221354 0.059570 0.093750
42 0.636230 0.418620 0.143555 0.238281
12 0.504883 0.155599 0.062500 0.069010
1 0.742188 0.427083 0.126953 0.372396
1 0.645996 0.359375 0.073242 0.270833
1 0.366699 0.266927 0.139648 0.205729
1 0.238281 0.288411 0.154297 0.227865
1 0.179199 0.686849 0.331055 0.376302
1 0.866211 0.561198 0.230469 0.515625
78 0.892090 0.453125 0.063477 0.059896
27 0.135254 0.907552 0.245117 0.158854
120 0.463867 0.125651 0.130859 0.233073
34 0.370605 0.899089 0.114258 0.113281
34 0.280762 0.591797 0.081055 0.053385
4 0.511719 0.322266 0.078125 0.147135
4 0.731445 0.492839 0.226562 0.308594
4 0.873535 0.622396 0.190430 0.359375
4 0.144043 0.764974 0.241211 0.180990
4 0.044922 0.516927 0.074219 0.158854
4 0.631836 0.395833 0.085938 0.192708
4 0.578125 0.365234 0.072266 0.147135
4 0.247559 0.314453 0.157227 0.157552
18 0.618164 0.794271 0.761719 0.398438
18 0.411621 0.493490 0.475586 0.348958