5 0.191895 0.604563 0.362305 0.702155
5 0.439941 0.234474 0.211914 0.220532
47 0.478516 0.224335 0.017578 0.063371
47 0.460938 0.207224 0.017578 0.059569
47 0.024902 0.764259 0.008789 0.043093
47 0.041504 0.765526 0.026367 0.050697
47 0.035156 0.697719 0.027344 0.051965
47 0.857910 0.221800 0.057617 0.091255
47 0.423340 0.179975 0.018555 0.065906
47 0.855957 0.133080 0.055664 0.083650
47 0.442383 0.195817 0.017578 0.064639
47 0.866699 0.559569 0.055664 0.107731
119 0.863770 0.446134 0.055664 0.111534
119 0.855469 0.221800 0.066406 0.093790
119 0.870605 0.527883 0.131836 0.898606
12 0.144043 0.488593 0.053711 0.039290
65 0.368652 0.181242 0.026367 0.058302
65 0.873047 0.843473 0.058594 0.130545
13 0.153809 0.747782 0.028320 0.491762
9 0.864258 0.497465 0.107422 0.845374
3 0.195801 0.671103 0.364258 0.333333